6.42033863286e-09 -5.13199165242e-09 4.52582476863e-10 1.41671937372e-09 2.28719922272e-09 -4.43330583817e-09 -3.71244863369e-09 6.49151670735e-10 -1.55402713397e-09 -4.83687202986e-09 -5.32655080555e-09 -1.23955987064e-08 5.26504711565e-10 1.82519854706e-09 2.32799403157e-09 1.54071325724e-08 5.35026350322e-09 -9.4647679201e-11 -9.591857711e-09 -2.48695317198e-08 8.16711041735e-09 4.1539819479e-09 1.16219227064e-08
-5.13199165242e-09 1.85970400777e-07 -3.75064231513e-10 -9.49374465684e-09 -3.4412825248e-08 -1.39098013697e-07 3.03242915817e-09 4.03936769874e-08 2.3285182958e-08 1.85397146067e-07 1.27338616638e-08 -7.01305084336e-08 -7.97823714219e-10 1.97201235774e-08 1.38028785889e-08 -3.52140660597e-08 5.52908287725e-08 2.97031335448e-08 7.89166263077e-08 5.49235229864e-08 -5.96551912767e-08 -2.09860579893e-08 -2.55110640071e-08
4.52582476863e-10 -3.75064231513e-10 2.28492697803e-10 -9.24714149125e-11 3.09092848596e-10 1.8671305768e-10 -8.18866084503e-10 3.34616263588e-10 5.17160196775e-10 4.83059954862e-11 -9.60668136903e-10 -6.00682003828e-10 2.86242787308e-10 3.2480231365e-10 3.14681910303e-10 9.72853900336e-10 -7.91956107586e-10 3.11759918497e-10 -1.2702603315e-09 -9.22590653422e-10 2.30845945852e-10 2.98319344074e-10 6.38089974732e-10
1.41671937372e-09 -9.49374465684e-09 -9.24714149125e-11 7.89342623311e-09 3.63089679835e-09 3.44481767579e-09 -3.08940372953e-10 7.74868428653e-10 3.76872062826e-09 -2.73465388569e-09 -1.37450452505e-08 -3.08245571055e-09 2.99062534255e-09 1.00214256321e-09 8.81184614519e-09 1.66555224221e-08 -9.46267159818e-09 -2.24866439382e-08 -3.0729157951e-08 -5.35416446678e-09 3.76351248325e-09 6.71379409253e-09 8.88349728014e-09
2.28719922272e-09 -3.4412825248e-08 3.09092848596e-10 3.63089679835e-09 1.63722690811e-07 3.96378484288e-08 -2.04983375677e-09 -6.92061933141e-09 1.7987084044e-08 8.45072814423e-08 -9.19182142503e-09 1.95562358066e-08 1.93860119243e-09 6.41748590448e-09 3.88537704718e-08 2.64883114524e-08 -6.36757418875e-08 -2.42081619344e-08 -1.12274832432e-07 -1.23932190273e-08 -3.36323061874e-09 4.00017679805e-09 -4.49974068531e-08
-4.43330583817e-09 -1.39098013697e-07 1.8671305768e-10 3.44481767579e-09 3.96378484288e-08 2.55465659093e-07 1.02293755856e-09 -6.29852254862e-08 -2.01248605737e-08 -1.29805020195e-07 -4.07095297023e-09 1.67812155842e-07 7.54881781993e-10 -4.14453957882e-08 -2.32295736437e-08 -1.63342986129e-08 -1.53430886931e-07 -2.85262044182e-08 -1.00981070558e-07 6.2070865205e-09 2.88105443393e-08 2.398011812e-08 -1.97600385178e-08
-3.71244863369e-09 3.03242915817e-09 -8.18866084503e-10 -3.08940372953e-10 -2.04983375677e-09 1.02293755856e-09 3.9085707981e-09 -9.76343621587e-10 -7.03396973781e-10 1.41190615133e-09 4.4865721076e-09 5.75314888413e-09 -9.50101971571e-10 -1.33234096098e-09 -1.90214629401e-09 -8.69717470801e-09 -4.7541460592e-10 -1.34215103696e-09 6.84957853369e-09 1.24917042402e-08 -3.63921227397e-09 -2.12058573505e-09 -5.63437393389e-09
6.49151670735e-10 4.03936769874e-08 3.34616263588e-10 7.74868428653e-10 -6.92061933141e-09 -6.29852254862e-08 -9.76343621587e-10 2.95443822645e-08 1.62313334394e-08 3.47634228054e-08 -2.78750007344e-09 -6.52572658765e-08 2.7987339788e-09 2.06270804387e-08 1.37275244904e-08 3.58006699604e-09 2.10670209102e-08 -9.75443921964e-11 2.38329452564e-08 1.03345215234e-08 -1.5131482096e-08 -1.08849290133e-08 4.05805628808e-09
-1.55402713397e-09 2.3285182958e-08 5.17160196775e-10 3.76872062826e-09 1.7987084044e-08 -2.01248605737e-08 -7.03396973781e-10 1.62313334394e-08 5.5916673743e-08 5.55162628518e-08 -1.31967259948e-08 -2.44041057528e-08 5.9879189553e-09 1.54129275928e-08 3.77024019374e-08 -1.20616214418e-08 -8.10951282724e-08 -1.2653367469e-08 -3.73934341054e-08 5.49836217864e-08 -5.36384352096e-09 -1.23000907974e-08 -1.98217642571e-08
-4.83687202986e-09 1.85397146067e-07 4.83059954862e-11 -2.73465388569e-09 8.45072814423e-08 -1.29805020195e-07 1.41190615133e-09 3.47634228054e-08 5.55162628518e-08 3.72778562219e-07 -3.83960941226e-09 -4.00530524462e-08 2.94943227477e-09 2.41578549963e-08 5.95710019891e-08 -3.4415149824e-08 4.99844238495e-08 1.40261360483e-08 -8.9347925692e-09 6.81831126605e-08 -7.91017264956e-08 -1.60672091569e-08 -6.94197151599e-08
-5.32655080555e-09 1.27338616638e-08 -9.60668136903e-10 -1.37450452505e-08 -9.19182142503e-09 -4.07095297023e-09 4.4865721076e-09 -2.78750007344e-09 -1.31967259948e-08 -3.83960941226e-09 7.27923477551e-08 3.13678394768e-08 -1.43856122313e-08 -1.17849697596e-08 -8.11877177294e-09 -3.26009515072e-08 7.42468597113e-08 4.61712595885e-08 6.69650629338e-08 -2.47851211768e-08 -6.46774109457e-09 -3.83658141906e-08 -2.65494972354e-08
-1.23955987064e-08 -7.01305084336e-08 -6.00682003828e-10 -3.08245571055e-09 1.95562358066e-08 1.67812155842e-07 5.75314888413e-09 -6.52572658765e-08 -2.44041057528e-08 -4.00530524462e-08 3.13678394768e-08 4.31954302083e-07 -1.00403116318e-08 -1.06045365716e-07 -3.90260640738e-08 -5.54827954003e-08 -7.38146370399e-08 1.09807520695e-09 -1.08333488646e-07 1.95974891133e-08 2.21490689819e-08 1.75505191735e-08 -1.09702163853e-07
5.26504711565e-10 -7.97823714219e-10 2.86242787308e-10 2.99062534255e-09 1.93860119243e-09 7.54881781993e-10 -9.50101971571e-10 2.7987339788e-09 5.9879189553e-09 2.94943227477e-09 -1.43856122313e-08 -1.00403116318e-08 4.09767491854e-09 4.32252163271e-09 3.15507988748e-09 -3.36521422236e-10 -1.52676309112e-08 -9.38919497763e-09 -6.02248294751e-09 1.62942320719e-08 -4.01827164031e-09 2.12103000441e-09 -2.00942136267e-09
1.82519854706e-09 1.97201235774e-08 3.2480231365e-10 1.00214256321e-09 6.41748590448e-09 -4.14453957882e-08 -1.33234096098e-09 2.06270804387e-08 1.54129275928e-08 2.41578549963e-08 -1.17849697596e-08 -1.06045365716e-07 4.32252163271e-09 3.47983173075e-08 2.0011878195e-08 4.07462905323e-09 2.57954591507e-09 3.13691359331e-10 2.09009493614e-08 1.49014600102e-08 -1.2217288475e-08 -6.65642678314e-09 1.20057595405e-08
2.32799403157e-09 1.38028785889e-08 3.14681910303e-10 8.81184614519e-09 3.88537704718e-08 -2.32295736437e-08 -1.90214629401e-09 1.37275244904e-08 3.77024019374e-08 5.95710019891e-08 -8.11877177294e-09 -3.90260640738e-08 3.15507988748e-09 2.0011878195e-08 7.38537248233e-08 2.38787338041e-08 -4.08266795923e-08 -2.43036360713e-08 -1.23818783451e-07 2.24357288736e-09 -6.39383088536e-09 -5.01177471575e-09 1.44393401762e-08
1.54071325724e-08 -3.52140660597e-08 9.72853900336e-10 1.66555224221e-08 2.64883114524e-08 -1.63342986129e-08 -8.69717470801e-09 3.58006699604e-09 -1.20616214418e-08 -3.4415149824e-08 -3.26009515072e-08 -5.54827954003e-08 -3.36521422235e-10 4.07462905323e-09 2.38787338041e-08 1.60868902925e-07 -1.12105928371e-08 -4.89678446256e-08 -1.37482340085e-07 -1.76556359423e-07 5.93190251198e-08 3.68414581259e-08 8.3910839444e-08
5.35026350322e-09 5.52908287725e-08 -7.91956107586e-10 -9.46267159818e-09 -6.36757418875e-08 -1.53430886931e-07 -4.7541460592e-10 2.10670209102e-08 -8.10951282724e-08 4.99844238495e-08 7.42468597113e-08 -7.38146370399e-08 -1.52676309112e-08 2.57954591507e-09 -4.08266795923e-08 -1.12105928371e-08 6.86263633703e-07 1.27443914543e-07 3.25236720957e-07 -2.05542552963e-07 -1.09911392769e-07 -4.17174842779e-08 6.81699150324e-08
-9.4647679201e-11 2.97031335448e-08 3.11759918497e-10 -2.24866439382e-08 -2.42081619344e-08 -2.85262044182e-08 -1.34215103696e-09 -9.75443921963e-11 -1.2653367469e-08 1.40261360483e-08 4.61712595885e-08 1.09807520695e-09 -9.38919497763e-09 3.13691359331e-10 -2.43036360713e-08 -4.89678446256e-08 1.27443914543e-07 1.01733692654e-07 1.55224779063e-07 -3.36042738358e-08 -1.17452900338e-08 -3.07313082247e-08 -1.83599124055e-08
-9.591857711e-09 7.89166263077e-08 -1.2702603315e-09 -3.0729157951e-08 -1.12274832432e-07 -1.00981070558e-07 6.84957853369e-09 2.38329452564e-08 -3.73934341054e-08 -8.9347925692e-09 6.69650629338e-08 -1.08333488646e-07 -6.02248294751e-09 2.09009493614e-08 -1.23818783451e-07 -1.37482340085e-07 3.25236720957e-07 1.55224779063e-07 6.40118713171e-07 2.11548230174e-08 -3.45869452921e-08 -6.55521375401e-08 -7.93210344941e-08
-2.48695317198e-08 5.49235229864e-08 -9.22590653422e-10 -5.35416446678e-09 -1.23932190273e-08 6.2070865205e-09 1.24917042402e-08 1.03345215234e-08 5.49836217864e-08 6.81831126605e-08 -2.47851211767e-08 1.95974891133e-08 1.62942320719e-08 1.49014600102e-08 2.24357288736e-09 -1.76556359423e-07 -2.05542552963e-07 -3.36042738358e-08 2.11548230174e-08 3.73779693085e-07 -1.13006321933e-07 -4.97512734193e-08 -1.62466063107e-07
8.16711041735e-09 -5.96551912767e-08 2.30845945852e-10 3.76351248325e-09 -3.36323061874e-09 2.88105443393e-08 -3.63921227397e-09 -1.5131482096e-08 -5.36384352096e-09 -7.91017264956e-08 -6.46774109457e-09 2.21490689819e-08 -4.01827164031e-09 -1.2217288475e-08 -6.39383088536e-09 5.93190251198e-08 -1.09911392769e-07 -1.17452900338e-08 -3.45869452921e-08 -1.13006321933e-07 1.72057236619e-07 5.33237918321e-08 1.03945745068e-07
4.1539819479e-09 -2.09860579893e-08 2.98319344074e-10 6.71379409253e-09 4.00017679804e-09 2.398011812e-08 -2.12058573505e-09 -1.08849290133e-08 -1.23000907974e-08 -1.60672091569e-08 -3.83658141906e-08 1.75505191735e-08 2.12103000441e-09 -6.65642678314e-09 -5.01177471576e-09 3.68414581259e-08 -4.17174842779e-08 -3.07313082247e-08 -6.55521375401e-08 -4.97512734193e-08 5.33237918321e-08 7.5827883385e-08 9.44961932192e-08
1.16219227064e-08 -2.55110640071e-08 6.38089974732e-10 8.88349728014e-09 -4.49974068531e-08 -1.97600385178e-08 -5.63437393389e-09 4.05805628808e-09 -1.98217642571e-08 -6.94197151599e-08 -2.65494972354e-08 -1.09702163853e-07 -2.00942136267e-09 1.20057595405e-08 1.44393401762e-08 8.3910839444e-08 6.81699150324e-08 -1.83599124055e-08 -7.93210344941e-08 -1.62466063107e-07 1.03945745068e-07 9.44961932192e-08 3.08125641977e-07
