260.0 1.22105071583e-10 1.23483534802e-13 2.58771675521e-11 3.77433537639e-11 2.62397309781e-11 -2.04969766534e-10 -1.32330570459e-10 6.81259062147e-11 2.15074388381e-11 -3.53619365206e-12 -2.15991052983e-10 -2.73314062278e-10 5.18959080726e-11 6.20913864325e-11 8.14777901326e-11 2.87531709688e-10 -2.86608064973e-12 -2.68015150098e-11 -1.81951918779e-10 -2.7086720106e-10 7.89026641748e-11 4.44227920893e-11 1.29654508018e-10
 1.23483534804e-13 2.1921470993e-09 6.46770901103e-12 -7.10745952923e-11 2.97068449566e-10 -2.11405339844e-09 -1.04938053248e-11 6.43993605237e-10 4.16164959989e-10 2.96488766328e-09 1.79481217663e-10 -1.33862322143e-09 1.75222265784e-12 4.31343944613e-10 4.46339026212e-10 -1.52344363089e-10 1.9207252642e-09 3.78261529272e-10 1.539317101e-09 -5.72984809256e-11 -5.07312824744e-10 -3.82387138307e-10 -3.11570264434e-11
 2.58771675521e-11 6.46770901102e-12 1.39496381268e-11 7.57268072083e-12 3.65747624493e-12 -4.11083102555e-11 -4.32900680182e-11 4.30654959008e-11 3.89089780804e-11 5.86548305557e-12 -8.88016610337e-11 -6.41914711748e-11 2.94759811108e-11 3.69413886934e-11 3.06130302942e-11 5.91721457931e-11 -6.71344507611e-11 -3.24530206514e-11 -7.23531623395e-11 3.33933120047e-12 1.27153981385e-12 6.92652991022e-12 1.82389721348e-11
 3.77433537639e-11 -7.10745952923e-11 7.57268072083e-12 2.58803873268e-10 9.91736674186e-12 1.64071830859e-11 -4.04637630313e-11 -1.18942132957e-12 1.9177133314e-10 -5.81870475002e-11 -4.60420727967e-10 -2.16436464654e-10 1.39906532829e-10 1.19490997867e-10 4.66178787177e-10 4.29154791722e-10 -8.30749812784e-10 -6.93895800271e-10 -8.34659868425e-10 1.96975919647e-10 1.3739165292e-10 8.94855551935e-13 -8.1662646167e-11
 2.62397309781e-11 2.97068449566e-10 3.65747624493e-12 9.91736674186e-12 3.18095976564e-09 1.27314304162e-10 -2.92776381627e-11 1.8586087595e-10 8.58757674949e-10 2.99131886983e-09 1.25293005658e-10 -3.35031391722e-11 3.24731815607e-12 4.2930569945e-10 1.1990352104e-09 2.42184616849e-10 -7.95750075274e-10 -7.06865411694e-12 -1.31209101074e-09 -2.82339943984e-10 -2.33845024222e-10 -1.69653496913e-10 -1.10537491615e-09
 -2.04969766534e-10 -2.11405339844e-09 -4.11083102555e-11 1.64071830859e-11 1.27314304162e-10 3.65413951574e-09 2.18066182472e-10 -9.07744918489e-10 -3.22895849229e-11 -2.40041038425e-09 1.37360304413e-10 3.27893645892e-09 -6.67227306018e-11 -8.37554140714e-10 -4.24292634698e-10 -5.8338173335e-10 -3.78136154796e-09 -6.10072740765e-10 -2.56530837287e-09 9.55624841627e-10 4.57238395716e-10 5.0054504482e-10 -6.14196915719e-10
 -1.32330570459e-10 -1.04938053248e-11 -4.32900680182e-11 -4.04637630313e-11 -2.92776381627e-11 2.18066182472e-10 1.8064671895e-10 -1.16268550909e-10 -7.69638019774e-11 -1.06279315739e-11 3.03661798011e-10 2.97279486592e-10 -8.69301599982e-11 -9.70419091764e-11 -1.14042920298e-10 -3.09896338976e-10 1.01424206254e-10 5.35452046063e-11 2.47000463557e-10 1.94746315718e-10 -5.02701368717e-11 -3.74398401318e-11 -1.11711945518e-10
 6.81259062147e-11 6.43993605237e-10 4.30654959008e-11 -1.18942132957e-12 1.8586087595e-10 -9.07744918489e-10 -1.16268550909e-10 5.25790225564e-10 3.50394492713e-10 8.75949392669e-10 -1.61074063449e-10 -9.49264431477e-10 8.08793861822e-11 3.87667934487e-10 2.391632019e-10 1.82903414452e-10 5.00255086001e-10 -1.09272948118e-11 4.3863045682e-10 -1.07919679447e-10 -1.29030601276e-10 -8.51120629278e-11 2.13619916487e-10
 2.15074388381e-11 4.16164959988e-10 3.89089780804e-11 1.9177133314e-10 8.58757674949e-10 -3.22895849229e-11 -7.69638019774e-11 3.50394492713e-10 1.27399966018e-09 1.36311627597e-09 -7.38647749224e-10 -1.8641649132e-10 2.33655526072e-10 3.17467935615e-10 9.05767327186e-10 1.09877178956e-10 -2.25759733507e-09 -8.58757654891e-10 -1.46815052452e-09 9.80339189216e-10 1.81003596842e-10 1.84088874164e-10 -1.60120638671e-12
 -3.53619365206e-12 2.96488766328e-09 5.86548305557e-12 -5.81870475002e-11 2.99131886983e-09 -2.40041038425e-09 -1.06279315739e-11 8.75949392669e-10 1.36311627597e-09 6.54002467461e-09 2.45608243836e-10 -1.22245567864e-09 1.62482424715e-11 8.16575410335e-10 1.62323627501e-09 -1.68164845786e-10 1.51500507861e-09 4.55421926781e-10 6.51223975943e-10 -4.50480764477e-11 -8.0222542115e-10 -5.05079503051e-10 -9.75200077958e-10
 -2.15991052983e-10 1.79481217663e-10 -8.88016610337e-11 -4.60420727967e-10 1.25293005658e-10 1.37360304413e-10 3.03661798011e-10 -1.61074063449e-10 -7.38647749224e-10 2.45608243836e-10 2.86250728294e-09 1.72335148047e-09 -6.16375121267e-10 -6.55091800519e-10 -6.58970416637e-10 -1.2347245853e-09 4.09832694401e-09 1.79236401209e-09 3.00200542325e-09 -1.52164213302e-09 -4.83867353546e-10 -1.13477721432e-09 -9.65053980104e-10
 -2.73314062278e-10 -1.33862322143e-09 -6.41914711748e-11 -2.16436464654e-10 -3.35031391723e-11 3.27893645892e-09 2.97279486592e-10 -9.49264431477e-10 -1.8641649132e-10 -1.22245567864e-09 1.72335148047e-09 7.78845140878e-09 -4.33145349634e-10 -2.04416125917e-09 -7.37969159392e-10 -7.26951115959e-10 -6.32342694412e-10 7.75131840704e-10 -1.79676870264e-09 -1.08846760956e-09 3.4537553107e-10 -4.00975040432e-10 -2.36873547535e-09
 5.18959080726e-11 1.75222265784e-12 2.94759811108e-11 1.39906532829e-10 3.24731815608e-12 -6.67227306017e-11 -8.69301599982e-11 8.08793861822e-11 2.33655526072e-10 1.62482424715e-11 -6.16375121267e-10 -4.33145349634e-10 1.81873289161e-10 2.08942586674e-10 3.02517661923e-10 1.640659902e-10 -7.79820475745e-10 -4.32249779951e-10 -5.30008441039e-10 5.14593296795e-10 -2.71016031804e-11 6.70542453582e-11 1.78803943661e-13
 6.20913864325e-11 4.31343944613e-10 3.69413886934e-11 1.19490997867e-10 4.2930569945e-10 -8.37554140714e-10 -9.70419091764e-11 3.87667934487e-10 3.17467935615e-10 8.16575410335e-10 -6.55091800519e-10 -2.04416125917e-09 2.08942586674e-10 8.08528302024e-10 5.92280071682e-10 7.96798166361e-11 4.25396533756e-11 -3.34832271526e-10 4.31119736559e-10 6.1696429636e-10 -2.1938956632e-10 2.03097800783e-12 3.43262957788e-10
 8.14777901326e-11 4.46339026212e-10 3.06130302942e-11 4.66178787177e-10 1.1990352104e-09 -4.24292634698e-10 -1.14042920298e-10 2.391632019e-10 9.05767327186e-10 1.62323627501e-09 -6.58970416637e-10 -7.37969159392e-10 3.02517661923e-10 5.92280071682e-10 1.80966660911e-09 6.45659404635e-10 -8.65453381274e-10 -1.11006577311e-09 -1.19066313023e-09 3.86305161776e-10 1.70696236095e-11 -5.02715380908e-10 -5.69905956705e-10
 2.87531709688e-10 -1.52344363089e-10 5.91721457931e-11 4.29154791722e-10 2.42184616849e-10 -5.8338173335e-10 -3.09896338976e-10 1.82903414452e-10 1.09877178956e-10 -1.68164845786e-10 -1.2347245853e-09 -7.26951115959e-10 1.640659902e-10 7.9679816636e-11 6.45659404635e-10 3.12765197585e-09 -1.43070329882e-09 -1.3156602543e-09 -3.02432718482e-09 -2.34127458205e-09 9.83589495473e-10 4.80462701051e-10 8.83993234341e-10
 -2.86608064973e-12 1.9207252642e-09 -6.71344507611e-11 -8.30749812784e-10 -7.95750075275e-10 -3.78136154796e-09 1.01424206254e-10 5.00255086001e-10 -2.25759733507e-09 1.51500507861e-09 4.09832694401e-09 -6.32342694412e-10 -7.79820475745e-10 4.25396533756e-11 -8.65453381274e-10 -1.43070329882e-09 1.62080978026e-08 5.41937929999e-09 1.08125022996e-08 -5.23502715185e-09 -2.28293274408e-09 -2.83257874342e-09 -1.01863914248e-09
 -2.68015150098e-11 3.78261529272e-10 -3.24530206514e-11 -6.93895800271e-10 -7.06865411694e-12 -6.10072740765e-10 5.35452046063e-11 -1.09272948118e-11 -8.58757654891e-10 4.55421926781e-10 1.79236401209e-09 7.75131840704e-10 -4.32249779951e-10 -3.34832271526e-10 -1.11006577311e-09 -1.3156602543e-09 5.41937929999e-09 3.24633130228e-09 4.1966169147e-09 -2.10380180305e-09 -5.09538637757e-10 -3.65481398009e-10 2.28547500343e-10
 -1.81951918779e-10 1.539317101e-09 -7.23531623395e-11 -8.34659868425e-10 -1.31209101074e-09 -2.56530837287e-09 2.47000463557e-10 4.3863045682e-10 -1.46815052452e-09 6.51223975943e-10 3.00200542325e-09 -1.79676870264e-09 -5.30008441039e-10 4.31119736559e-10 -1.19066313023e-09 -3.02432718482e-09 1.08125022996e-08 4.1966169147e-09 1.01482751189e-08 -1.35583492142e-09 -1.74433171508e-09 -1.56019028049e-09 4.89337456964e-11
 -2.7086720106e-10 -5.72984809256e-11 3.33933120047e-12 1.96975919647e-10 -2.82339943984e-10 9.55624841627e-10 1.94746315718e-10 -1.07919679447e-10 9.80339189216e-10 -4.50480764477e-11 -1.52164213302e-09 -1.08846760956e-09 5.14593296795e-10 6.1696429636e-10 3.86305161776e-10 -2.34127458205e-09 -5.23502715185e-09 -2.10380180305e-09 -1.35583492142e-09 6.80380197743e-09 -1.52585388218e-09 -2.95371024854e-10 -1.77560920193e-09
 7.89026641748e-11 -5.07312824744e-10 1.27153981385e-12 1.3739165292e-10 -2.33845024222e-10 4.57238395716e-10 -5.02701368717e-11 -1.29030601276e-10 1.81003596842e-10 -8.0222542115e-10 -4.83867353546e-10 3.4537553107e-10 -2.71016031804e-11 -2.1938956632e-10 1.70696236095e-11 9.83589495473e-10 -2.28293274408e-09 -5.09538637757e-10 -1.74433171508e-09 -1.52585388218e-09 2.41112626968e-09 1.49817107629e-09 2.40012329231e-09
 4.44227920893e-11 -3.82387138307e-10 6.92652991022e-12 8.94855551937e-13 -1.69653496913e-10 5.0054504482e-10 -3.74398401319e-11 -8.51120629278e-11 1.84088874164e-10 -5.05079503051e-10 -1.13477721432e-09 -4.00975040432e-10 6.70542453582e-11 2.03097800783e-12 -5.02715380908e-10 4.80462701051e-10 -2.83257874342e-09 -3.65481398009e-10 -1.56019028049e-09 -2.95371024854e-10 1.49817107629e-09 2.03686354783e-09 2.38370437623e-09
 1.29654508018e-10 -3.11570264434e-11 1.82389721348e-11 -8.1662646167e-11 -1.10537491615e-09 -6.14196915719e-10 -1.11711945518e-10 2.13619916487e-10 -1.6012063867e-12 -9.75200077958e-10 -9.65053980104e-10 -2.36873547535e-09 1.7880394367e-13 3.43262957788e-10 -5.69905956705e-10 8.83993234341e-10 -1.01863914248e-09 2.28547500343e-10 4.89337456963e-11 -1.77560920193e-09 2.40012329231e-09 2.38370437623e-09 4.94444231549e-09
280.0 2.18541919632e-10 -2.88918125508e-11 2.74592991059e-11 6.13757878967e-11 1.46576388796e-11 -3.49348299092e-10 -1.71706446337e-10 8.5388325363e-11 -7.54799698042e-12 -7.18263685384e-11 -3.2728368202e-10 -4.80814341665e-10 6.04508700351e-11 9.56163608675e-11 8.93357160031e-11 4.77399756821e-10 3.56706757528e-11 -5.01956788572e-11 -2.7915007053e-10 -5.61039550587e-10 2.18563690023e-10 1.30858487147e-10 3.0806713028e-10
 -2.88918125508e-11 3.37523420368e-09 9.5940719523e-12 -1.33949151343e-10 6.70611286632e-10 -3.04833090705e-09 -9.86518176665e-12 9.95626959817e-10 7.11393848546e-10 4.74439647406e-09 3.8844239735e-10 -1.88257833013e-09 -1.55466405715e-11 7.07936765166e-10 7.78381664003e-10 -3.73610672285e-10 2.97985561974e-09 7.74257976751e-10 2.36340801885e-09 -8.98571467481e-11 -9.15104358063e-10 -5.9039624735e-10 -1.81781071989e-10
 2.74592991059e-11 9.59407195231e-12 1.84209226282e-11 4.85497233374e-12 1.29472221356e-12 -4.46464283372e-11 -5.69081887583e-11 5.49032985563e-11 5.03629771484e-11 6.03205887148e-12 -1.08978975068e-10 -6.94221838889e-11 3.71336014795e-11 4.18610702758e-11 3.04204000219e-11 5.84942319981e-11 -9.46144392959e-11 -3.10673583095e-11 -8.33789332373e-11 2.72681690757e-11 -6.28538752083e-12 8.35984537534e-12 1.62837960464e-11
 6.13757878967e-11 -1.33949151342e-10 4.85497233374e-12 3.35460428413e-10 -1.24856961506e-11 3.41909228371e-11 -4.25419032824e-11 -2.74239311685e-11 2.22857961531e-10 -1.45009179634e-10 -6.32313392094e-10 -2.57962530404e-10 1.65060268393e-10 1.11790960282e-10 5.16602814242e-10 6.48085021707e-10 -1.19980543923e-09 -9.59424964141e-10 -1.21275974541e-09 1.60551574904e-10 2.6863556569e-10 1.08641277873e-10 5.10842968584e-12
 1.46576388796e-11 6.70611286632e-10 1.29472221356e-12 -1.24856961506e-11 5.0382757859e-09 1.32728471626e-10 -1.39688703608e-11 2.94365552701e-10 1.32394909862e-09 5.02882260308e-09 4.03929849886e-10 2.28807807611e-10 -3.03036590452e-11 5.74568561557e-10 1.8312092386e-09 3.16877908404e-10 -9.81834178627e-10 9.1218539071e-11 -1.94551174631e-09 -5.02467316145e-10 -4.92231596755e-10 -4.0001698965e-10 -1.95876492267e-09
 -3.49348299092e-10 -3.04833090705e-09 -4.46464283372e-11 3.41909228371e-11 1.32728471626e-10 5.47871381942e-09 2.83296766857e-10 -1.39286344594e-09 -1.18132398488e-10 -3.51342483902e-09 2.09277167942e-10 4.96994179442e-09 -6.08906216866e-11 -1.34960911916e-09 -6.50217631462e-10 -8.74909684975e-10 -5.70049747118e-09 -1.04820784536e-09 -3.86044262064e-09 1.72704713238e-09 5.07459449109e-10 5.15666807364e-10 -1.21689382669e-09
 -1.71706446337e-10 -9.86518176666e-12 -5.69081887583e-11 -4.25419032824e-11 -1.39688703608e-11 2.83296766857e-10 2.3335470625e-10 -1.55617808119e-10 -9.90598809456e-11 1.57848085043e-11 4.11456146321e-10 3.95988162379e-10 -1.14037490643e-10 -1.24601605894e-10 -1.14436190601e-10 -3.81158112952e-10 1.8533460578e-10 7.00073569054e-11 3.2811897706e-10 2.18845900288e-10 -7.86986506742e-11 -7.45080378547e-11 -1.69848383097e-10
 8.5388325363e-11 9.95626959817e-10 5.49032985563e-11 -2.74239311685e-11 2.94365552701e-10 -1.39286344594e-09 -1.55617808119e-10 7.02268399744e-10 4.35742918437e-10 1.36177737609e-09 -6.21277005303e-11 -1.36381327157e-09 7.05790559415e-11 5.25028860611e-10 3.44210722058e-10 2.50844714139e-10 1.0103440947e-09 1.48495225433e-10 7.65360272636e-10 -3.34104781211e-10 -1.98423865155e-10 -1.67840978039e-10 2.83134461383e-10
 -7.54799698042e-12 7.11393848546e-10 5.03629771484e-11 2.22857961531e-10 1.32394909862e-09 -1.18132398488e-10 -9.90598809456e-11 4.35742918437e-10 1.76673247743e-09 2.15610998446e-09 -8.42256724022e-10 -2.7148219737e-10 2.89846183642e-10 3.81399261861e-10 1.28690447825e-09 6.77400123974e-11 -3.15819272865e-09 -1.05304527033e-09 -2.12796514017e-09 1.41519749166e-09 1.71408020857e-10 1.54232205067e-10 -1.62910203101e-10
 -7.18263685384e-11 4.74439647406e-09 6.03205887147e-12 -1.45009179634e-10 5.02882260308e-09 -3.51342483902e-09 1.57848085044e-11 1.36177737609e-09 2.15610998446e-09 1.06059712406e-08 6.89541506397e-10 -1.4332872304e-09 -1.93198148835e-11 1.22944606723e-09 2.57217866987e-09 -5.0422939431e-10 2.5311638249e-09 9.99786069126e-10 1.06319831323e-09 -5.41125112677e-11 -1.53796368412e-09 -9.29287063279e-10 -1.98600569637e-09
 -3.2728368202e-10 3.8844239735e-10 -1.08978975068e-10 -6.32313392094e-10 4.03929849886e-10 2.09277167942e-10 4.11456146321e-10 -6.21277005303e-11 -8.42256724022e-10 6.89541506396e-10 4.46130990256e-09 2.66093894397e-09 -8.8482970285e-10 -7.82957070128e-10 -4.58044537611e-10 -1.79859525757e-09 6.62184358756e-09 2.72302482656e-09 4.70709507372e-09 -2.52111421867e-09 -7.75362555249e-10 -2.04712001426e-09 -1.59051572579e-09
 -4.80814341665e-10 -1.88257833013e-09 -6.94221838889e-11 -2.57962530404e-10 2.28807807611e-10 4.96994179442e-09 3.95988162379e-10 -1.36381327157e-09 -2.7148219737e-10 -1.4332872304e-09 2.66093894397e-09 1.15546670932e-08 -5.75531479692e-10 -2.96010292411e-09 -7.91607936144e-10 -1.07451157319e-09 -3.35358706939e-10 1.08838498826e-09 -2.36071847313e-09 -1.53957945086e-09 1.71349053498e-10 -9.28193986875e-10 -3.81438191744e-09
 6.04508700351e-11 -1.55466405714e-11 3.71336014795e-11 1.65060268393e-10 -3.03036590452e-11 -6.08906216866e-11 -1.14037490643e-10 7.05790559415e-11 2.89846183642e-10 -1.93198148835e-11 -8.8482970285e-10 -5.75531479692e-10 2.39177617844e-10 2.36508451613e-10 2.89937966572e-10 1.85061031788e-10 -1.23174725978e-09 -5.82892987068e-10 -7.79766291211e-10 8.15213174274e-10 -3.79465521968e-11 1.73418262572e-10 3.2006772054e-11
 9.56163608675e-11 7.07936765166e-10 4.18610702758e-11 1.11790960282e-10 5.74568561557e-10 -1.34960911916e-09 -1.24601605894e-10 5.25028860611e-10 3.81399261861e-10 1.22944606723e-09 -7.82957070128e-10 -2.96010292411e-09 2.36508451613e-10 1.05788297725e-09 6.82714702871e-10 1.28181800901e-10 1.18227525484e-10 -3.22955025829e-10 6.04941386196e-10 7.32122357112e-10 -3.07453173207e-10 2.21098914957e-11 4.90667880634e-10
 8.93357160031e-11 7.78381664003e-10 3.04204000219e-11 5.16602814242e-10 1.8312092386e-09 -6.50217631462e-10 -1.14436190601e-10 3.44210722058e-10 1.28690447825e-09 2.57217866987e-09 -4.58044537611e-10 -7.91607936144e-10 2.89937966572e-10 6.82714702871e-10 2.40299181491e-09 8.6557653374e-10 -9.70107810616e-10 -1.1656725531e-09 -1.72975464135e-09 7.48656520082e-11 6.72666071067e-11 -7.07886277377e-10 -7.32767963132e-10
 4.77399756821e-10 -3.73610672285e-10 5.84942319981e-11 6.48085021707e-10 3.16877908404e-10 -8.74909684975e-10 -3.81158112952e-10 2.50844714139e-10 6.77400123974e-11 -5.0422939431e-10 -1.79859525757e-09 -1.07451157319e-09 1.85061031788e-10 1.28181800901e-10 8.6557653374e-10 4.7455621685e-09 -1.82341665298e-09 -1.84375967121e-09 -4.35880916274e-09 -4.15414329557e-09 1.85036117513e-09 1.01277373061e-09 1.75738575374e-09
 3.56706757529e-11 2.97985561974e-09 -9.46144392959e-11 -1.19980543923e-09 -9.81834178627e-10 -5.70049747118e-09 1.8533460578e-10 1.0103440947e-09 -3.15819272865e-09 2.5311638249e-09 6.62184358756e-09 -3.35358706939e-10 -1.23174725978e-09 1.18227525484e-10 -9.70107810616e-10 -1.82341665298e-09 2.57695324308e-08 8.2576798672e-09 1.70817049997e-08 -9.1063239468e-09 -3.26786025477e-09 -4.4313113485e-09 -1.36746957698e-09
 -5.01956788572e-11 7.74257976751e-10 -3.10673583095e-11 -9.59424964141e-10 9.1218539071e-11 -1.04820784536e-09 7.00073569054e-11 1.48495225433e-10 -1.05304527033e-09 9.99786069126e-10 2.72302482656e-09 1.08838498826e-09 -5.82892987068e-10 -3.22955025829e-10 -1.1656725531e-09 -1.84375967121e-09 8.2576798672e-09 4.59246436784e-09 6.23756680576e-09 -3.00741326773e-09 -9.53355227068e-10 -1.02084737591e-09 -8.46271531938e-11
 -2.7915007053e-10 2.36340801885e-09 -8.33789332373e-11 -1.21275974541e-09 -1.94551174631e-09 -3.86044262064e-09 3.2811897706e-10 7.65360272636e-10 -2.12796514017e-09 1.06319831323e-09 4.70709507372e-09 -2.36071847313e-09 -7.79766291211e-10 6.04941386196e-10 -1.72975464135e-09 -4.35880916274e-09 1.70817049997e-08 6.23756680576e-09 1.59630284572e-08 -2.43535655023e-09 -2.69417234625e-09 -2.67184207816e-09 -2.48691100757e-10
 -5.61039550587e-10 -8.9857146748e-11 2.72681690757e-11 1.60551574904e-10 -5.02467316145e-10 1.72704713238e-09 2.18845900288e-10 -3.34104781211e-10 1.41519749166e-09 -5.41125112675e-11 -2.52111421867e-09 -1.53957945086e-09 8.15213174274e-10 7.32122357112e-10 7.48656520082e-11 -4.15414329557e-09 -9.1063239468e-09 -3.00741326773e-09 -2.43535655023e-09 1.15576442383e-08 -2.64339748535e-09 -1.92154777048e-10 -2.90780489654e-09
 2.18563690023e-10 -9.15104358063e-10 -6.28538752083e-12 2.6863556569e-10 -4.92231596755e-10 5.07459449109e-10 -7.86986506742e-11 -1.98423865155e-10 1.71408020857e-10 -1.53796368412e-09 -7.75362555249e-10 1.71349053498e-10 -3.79465521967e-11 -3.07453173207e-10 6.72666071067e-11 1.85036117513e-09 -3.26786025477e-09 -9.53355227068e-10 -2.69417234625e-09 -2.64339748535e-09 3.79257214136e-09 2.11836462858e-09 3.80554818519e-09
 1.30858487147e-10 -5.9039624735e-10 8.35984537534e-12 1.08641277873e-10 -4.0001698965e-10 5.15666807364e-10 -7.45080378547e-11 -1.67840978039e-10 1.54232205067e-10 -9.29287063279e-10 -2.04712001426e-09 -9.28193986875e-10 1.73418262572e-10 2.21098914957e-11 -7.07886277377e-10 1.01277373061e-09 -4.4313113485e-09 -1.02084737591e-09 -2.67184207816e-09 -1.92154777048e-10 2.11836462858e-09 2.95566440605e-09 3.3273253215e-09
 3.0806713028e-10 -1.81781071989e-10 1.62837960464e-11 5.10842968584e-12 -1.95876492267e-09 -1.21689382669e-09 -1.69848383097e-10 2.83134461383e-10 -1.62910203101e-10 -1.98600569637e-09 -1.59051572579e-09 -3.81438191744e-09 3.2006772054e-11 4.90667880634e-10 -7.32767963132e-10 1.75738575374e-09 -1.36746957698e-09 -8.46271531939e-11 -2.48691100757e-10 -2.90780489654e-09 3.80554818519e-09 3.3273253215e-09 7.47331461113e-09
300.0 2.39757139811e-10 -3.37140619783e-11 2.78538964186e-11 5.64137930122e-11 3.96964012476e-11 -3.56260720088e-10 -1.76969189241e-10 9.90491344622e-11 6.71835395728e-12 -4.51600099732e-11 -2.80792176476e-10 -4.15091240233e-10 5.12400084637e-11 9.16950124263e-11 1.06972458601e-10 4.78137061457e-10 1.5272003775e-10 1.08716115181e-11 -2.44594461038e-10 -6.9938275297e-10 2.46956595056e-10 1.25778434046e-10 3.19758893039e-10
 -3.37140619782e-11 3.82312201889e-09 1.37794418019e-11 -1.7123281679e-10 5.11428682894e-10 -3.30978001466e-09 -2.38679769141e-11 1.12273279569e-09 8.33193529226e-10 5.09346992729e-09 1.14306209968e-10 -2.46661938945e-09 2.36566663662e-11 9.1385142661e-10 7.67434356965e-10 -5.42131299901e-10 2.48664645617e-09 8.27723431866e-10 2.31783168444e-09 3.80717072324e-10 -1.04699305022e-09 -3.32108308301e-10 1.96549348853e-11
 2.78538964186e-11 1.37794418019e-11 1.56943270914e-11 2.2520020667e-12 3.77407010203e-12 -5.17591137351e-11 -4.97756146401e-11 5.19579363429e-11 4.35768421388e-11 1.35873490176e-11 -8.66396726434e-11 -6.98923826128e-11 2.99502155185e-11 3.75533269073e-11 2.53850606976e-11 5.33991177525e-11 -5.44165418469e-11 -1.47610888979e-11 -5.86007516215e-11 -1.54603279875e-12 -2.98932055747e-12 7.01583156561e-12 2.39813624788e-11
 5.64137930122e-11 -1.7123281679e-10 2.2520020667e-12 3.09012982684e-10 5.2079356204e-11 9.72611419321e-11 -3.20013764535e-11 -4.08691941146e-11 1.99590635404e-10 -1.2493301239e-10 -5.41928258277e-10 -8.09559704459e-11 1.29298251656e-10 4.94156636064e-11 4.33490324023e-10 6.85014640539e-10 -1.12832370722e-09 -9.05686972159e-10 -1.21097314388e-09 -3.01534444354e-11 3.36045097993e-10 1.6104361178e-10 3.07982590317e-11
 3.96964012476e-11 5.11428682894e-10 3.77407010204e-12 5.2079356204e-11 5.64039247738e-09 3.09631757126e-10 -3.76855851781e-11 1.87369214391e-10 1.46063272312e-09 5.39621700442e-09 -2.777146897e-10 -9.4145130385e-11 8.83700060534e-11 6.8386197648e-10 1.89460177038e-09 3.98270006048e-10 -2.5245059923e-09 -3.93726386731e-10 -3.04358017422e-09 3.32617685713e-10 -5.5485283158e-10 -8.34635032621e-11 -2.16313673091e-09
 -3.56260720088e-10 -3.30978001466e-09 -5.17591137351e-11 9.72611419321e-11 3.09631757126e-10 6.02582997262e-09 2.97115002107e-10 -1.64258500439e-09 -3.02595445713e-10 -3.69036805431e-09 2.43392579478e-10 5.47255337076e-09 -4.50335538362e-11 -1.59607707857e-09 -6.83487540481e-10 -7.95153638896e-10 -5.96438583189e-09 -1.35122932792e-09 -4.21060997638e-09 1.84997300974e-09 4.20807512749e-10 2.80724579933e-10 -1.59936116797e-09
 -1.76969189241e-10 -2.38679769141e-11 -4.97756146401e-11 -3.20013764535e-11 -3.76855851781e-11 2.97115002107e-10 2.07840642486e-10 -1.60301640928e-10 -9.51422366596e-11 -2.80246591267e-11 3.20452380778e-10 3.49613782792e-10 -9.07013978297e-11 -1.17193464246e-10 -1.13209779376e-10 -3.58387355519e-10 2.2162461979e-11 9.43576094326e-12 2.41457697115e-10 3.49422152275e-10 -9.78611166059e-11 -6.0631887534e-11 -1.86027258762e-10
 9.90491344622e-11 1.12273279569e-09 5.19579363429e-11 -4.08691941146e-11 1.87369214391e-10 -1.64258500439e-09 -1.60301640928e-10 7.13570562296e-10 4.13393753789e-10 1.41778689732e-09 -1.02878884115e-10 -1.75479771809e-09 5.78341587249e-11 5.8928474312e-10 3.22004917138e-10 3.04322020295e-10 1.01217409963e-09 1.93072091832e-10 7.78135527498e-10 -3.68793918111e-10 -1.67982251775e-10 -7.35713198242e-11 4.86471660421e-10
 6.71835395728e-12 8.33193529226e-10 4.35768421388e-11 1.99590635404e-10 1.46063272312e-09 -3.02595445713e-10 -9.51422366597e-11 4.13393753789e-10 1.80273934815e-09 2.39053385954e-09 -8.38919890391e-10 -6.75002897598e-10 2.77798742889e-10 4.17898731819e-10 1.37061199288e-09 1.03183691014e-10 -3.45968296628e-09 -1.03738792128e-09 -2.40277453002e-09 1.47752993634e-09 1.89266705829e-10 1.74584864941e-10 -6.32951197545e-11
 -4.51600099731e-11 5.09346992729e-09 1.35873490176e-11 -1.2493301239e-10 5.39621700442e-09 -3.69036805431e-09 -2.80246591267e-11 1.41778689732e-09 2.39053385954e-09 1.13378465519e-08 -2.77174479357e-10 -2.52337856182e-09 1.39684823999e-10 1.5845251679e-09 2.59811736525e-09 -5.96044533974e-10 6.16042606361e-10 6.16250731705e-10 5.03240457046e-11 1.20384771785e-09 -1.76103314073e-09 -3.19521574371e-10 -1.86747203817e-09
 -2.80792176476e-10 1.14306209968e-10 -8.66396726434e-11 -5.41928258277e-10 -2.77714689699e-10 2.43392579478e-10 3.20452380778e-10 -1.02878884115e-10 -8.38919890391e-10 -2.77174479357e-10 3.54104531479e-09 1.55350892774e-09 -7.14419607233e-10 -5.64555145819e-10 -5.73203056396e-10 -1.71250858929e-09 4.75374936946e-09 2.00955144914e-09 3.84622425333e-09 -1.35743738098e-09 -5.64233402132e-10 -1.56352157708e-09 -9.02891430927e-10
 -4.15091240233e-10 -2.46661938945e-09 -6.98923826128e-11 -8.09559704459e-11 -9.41451303848e-11 5.47255337076e-09 3.49613782792e-10 -1.75479771809e-09 -6.75002897598e-10 -2.52337856182e-09 1.55350892774e-09 1.13366917926e-08 -3.84105979433e-10 -3.09715675446e-09 -1.12061626286e-09 -6.72189246399e-10 -2.19194940266e-09 1.69858117339e-10 -3.44357641495e-09 -7.00272721334e-10 4.53138153786e-10 -3.79739234995e-10 -3.56923953048e-09
 5.12400084637e-11 2.36566663662e-11 2.99502155185e-11 1.29298251656e-10 8.83700060533e-11 -4.50335538362e-11 -9.07013978297e-11 5.78341587249e-11 2.77798742889e-10 1.39684823999e-10 -7.14419607233e-10 -3.84105979433e-10 1.96618726508e-10 1.79302098218e-10 2.54312964436e-10 1.33680024472e-10 -9.56842543069e-10 -4.38470724002e-10 -6.39251220784e-10 6.48156227175e-10 -6.70328363069e-11 1.21859075813e-10 -5.6559358851e-11
 9.16950124263e-11 9.1385142661e-10 3.75533269073e-11 4.94156636064e-11 6.8386197648e-10 -1.59607707857e-09 -1.17193464246e-10 5.8928474312e-10 4.17898731819e-10 1.5845251679e-09 -5.64555145819e-10 -3.09715675446e-09 1.79302098218e-10 1.05464178993e-09 6.58156928404e-10 1.10953097573e-10 3.73594848009e-10 -1.25700531783e-10 6.55379975818e-10 5.8030290289e-10 -4.06770682942e-10 -5.44549968966e-11 4.21160021373e-10
 1.06972458601e-10 7.67434356965e-10 2.53850606976e-11 4.33490324023e-10 1.89460177038e-09 -6.83487540481e-10 -1.13209779376e-10 3.22004917138e-10 1.37061199288e-09 2.59811736525e-09 -5.73203056396e-10 -1.12061626286e-09 2.54312964436e-10 6.58156928405e-10 2.2732510146e-09 9.66904762199e-10 -1.92392144563e-09 -1.15328629554e-09 -2.52315333678e-09 1.58576391193e-10 2.42868167888e-10 -4.01845059599e-10 -4.32092936255e-10
 4.78137061457e-10 -5.42131299901e-10 5.33991177525e-11 6.85014640539e-10 3.98270006048e-10 -7.95153638896e-10 -3.58387355519e-10 3.04322020295e-10 1.03183691014e-10 -5.96044533974e-10 -1.71250858929e-09 -6.72189246399e-10 1.33680024472e-10 1.10953097573e-10 9.66904762199e-10 5.20244905013e-09 -1.43571775138e-09 -1.6804633659e-09 -4.4942278807e-09 -5.28864518097e-09 2.24542393392e-09 1.25433274045e-09 2.12163393807e-09
 1.5272003775e-10 2.48664645617e-09 -5.44165418469e-11 -1.12832370722e-09 -2.5245059923e-09 -5.96438583189e-09 2.2162461979e-11 1.01217409963e-09 -3.45968296628e-09 6.16042606362e-10 4.75374936946e-09 -2.19194940266e-09 -9.56842543069e-10 3.73594848009e-10 -1.92392144563e-09 -1.43571775138e-09 2.41136982071e-08 7.41380855322e-09 1.68098428166e-08 -7.9760769987e-09 -2.87857489868e-09 -3.00954666464e-09 2.59720712959e-10
 1.08716115181e-11 8.27723431866e-10 -1.47610888979e-11 -9.05686972159e-10 -3.93726386731e-10 -1.35122932792e-09 9.43576094326e-12 1.93072091832e-10 -1.03738792128e-09 6.16250731706e-10 2.00955144914e-09 1.69858117339e-10 -4.38470724002e-10 -1.25700531782e-10 -1.15328629554e-09 -1.6804633659e-09 7.41380855322e-09 4.15088627485e-09 5.77694956068e-09 -2.25696083133e-09 -1.00973612428e-09 -8.99923765794e-10 2.29118357425e-10
 -2.44594461038e-10 2.31783168444e-09 -5.86007516215e-11 -1.21097314388e-09 -3.04358017422e-09 -4.21060997639e-09 2.41457697115e-10 7.78135527498e-10 -2.40277453002e-09 5.03240457049e-11 3.84622425333e-09 -3.44357641495e-09 -6.39251220784e-10 6.55379975818e-10 -2.52315333678e-09 -4.4942278807e-09 1.68098428166e-08 5.77694956068e-09 1.67186750107e-08 -1.44128864072e-09 -2.76860722064e-09 -2.04810968389e-09 5.55064932547e-10
 -6.9938275297e-10 3.80717072323e-10 -1.54603279874e-12 -3.01534444354e-11 3.32617685713e-10 1.84997300974e-09 3.49422152275e-10 -3.68793918111e-10 1.47752993634e-09 1.20384771785e-09 -1.35743738098e-09 -7.00272721334e-10 6.48156227175e-10 5.8030290289e-10 1.58576391193e-10 -5.28864518097e-09 -7.9760769987e-09 -2.25696083133e-09 -1.44128864072e-09 1.20505168929e-08 -3.3848766017e-09 -1.00484552027e-09 -4.24279670202e-09
 2.46956595056e-10 -1.04699305022e-09 -2.98932055747e-12 3.36045097993e-10 -5.5485283158e-10 4.20807512749e-10 -9.78611166059e-11 -1.67982251775e-10 1.89266705829e-10 -1.76103314073e-09 -5.64233402132e-10 4.53138153786e-10 -6.70328363069e-11 -4.06770682942e-10 2.42868167888e-10 2.24542393392e-09 -2.87857489868e-09 -1.00973612428e-09 -2.76860722064e-09 -3.3848766017e-09 4.31204542085e-09 1.9348643089e-09 4.12580341498e-09
 1.25778434046e-10 -3.32108308301e-10 7.01583156561e-12 1.6104361178e-10 -8.34635032622e-11 2.80724579933e-10 -6.0631887534e-11 -7.35713198242e-11 1.74584864941e-10 -3.19521574371e-10 -1.56352157708e-09 -3.79739234994e-10 1.21859075813e-10 -5.44549968966e-11 -4.01845059599e-10 1.25433274045e-09 -3.00954666464e-09 -8.99923765794e-10 -2.04810968389e-09 -1.00484552027e-09 1.9348643089e-09 2.42370404685e-09 2.74501511373e-09
 3.19758893039e-10 1.96549348852e-11 2.39813624788e-11 3.07982590316e-11 -2.16313673091e-09 -1.59936116797e-09 -1.86027258762e-10 4.8647166042e-10 -6.32951197546e-11 -1.86747203817e-09 -9.02891430927e-10 -3.56923953048e-09 -5.6559358851e-11 4.21160021373e-10 -4.32092936255e-10 2.12163393807e-09 2.59720712959e-10 2.29118357425e-10 5.55064932548e-10 -4.24279670202e-09 4.12580341498e-09 2.74501511373e-09 7.83854390078e-09
320.0 2.80333508048e-10 -7.54400954501e-11 3.02598647591e-11 5.78277825364e-11 5.14858303377e-11 -3.6869283023e-10 -1.97379341521e-10 1.04126198797e-10 4.64490300828e-12 -7.17286012804e-11 -2.99295693329e-10 -4.61520206332e-10 5.16275744235e-11 9.68980971067e-11 1.07911924781e-10 5.30609148101e-10 2.10117100463e-10 3.57053984781e-11 -2.98038813767e-10 -8.39359222745e-10 2.92242197387e-10 1.51787925824e-10 3.76932535456e-10
 -7.54400954501e-11 4.24956266592e-09 3.33136341044e-12 -2.29684116899e-10 7.60905536852e-10 -3.41531197468e-09 2.28558672814e-11 1.11686331319e-09 8.70041736542e-10 5.62936350877e-09 3.01440876068e-10 -2.08010559994e-09 -1.36381110133e-11 8.72218983718e-10 8.33406394484e-10 -7.46978558739e-10 2.24382654142e-09 1.00912616964e-09 2.22277042093e-09 6.40680907031e-10 -1.32934585205e-09 -4.70099991077e-10 -6.16222476111e-10
 3.02598647591e-11 3.33136341044e-12 1.23675597188e-11 1.32957295007e-12 1.00151137905e-11 -4.62399216345e-11 -4.21599062338e-11 4.27814090217e-11 3.29346979655e-11 6.40672438688e-12 -7.44706034359e-11 -7.60644966524e-11 2.31168551259e-11 3.32438577835e-11 1.85923155988e-11 5.47089807432e-11 -3.79322992532e-11 -7.41012267812e-12 -5.67385729914e-11 -3.02004284102e-11 9.32846055045e-12 1.6367941975e-11 3.83262488876e-11
 5.78277825364e-11 -2.29684116899e-10 1.32957295007e-12 2.8423648847e-10 8.96953290145e-11 1.55430887954e-10 -2.98491497215e-11 -4.61352334225e-11 1.91702647987e-10 -1.31643550741e-10 -5.04673174268e-10 -1.59557154716e-11 1.03764364579e-10 1.60460356928e-11 3.50423283917e-10 7.19763812635e-10 -1.08467024771e-09 -8.56332090823e-10 -1.22735969661e-09 -1.83973500259e-10 3.85250004328e-10 2.41101190873e-10 1.26719727256e-10
 5.14858303377e-11 7.60905536852e-10 1.00151137905e-11 8.96953290145e-11 5.34872376784e-09 6.51435540592e-12 -5.17141290195e-11 2.75303210969e-10 1.50925316573e-09 5.64841467641e-09 -5.88473710178e-10 -8.94759066366e-10 1.64140343871e-10 8.84185326237e-10 1.89740954741e-09 2.9484919457e-10 -2.49835419112e-09 -5.17104032597e-10 -2.8374156716e-09 7.40307368772e-10 -6.71412435159e-10 4.97811067989e-11 -1.77976101416e-09
 -3.6869283023e-10 -3.41531197468e-09 -4.62399216345e-11 1.55430887954e-10 6.51435540596e-12 6.50426532584e-09 2.79163982371e-10 -1.70861346409e-09 -3.81956660497e-10 -3.97517701972e-09 -2.0627926988e-11 5.31776936143e-09 2.85984158252e-11 -1.60177851244e-09 -7.90005326372e-10 -8.96563983687e-10 -6.12677946238e-09 -1.63164909355e-09 -4.08818109373e-09 2.17822186726e-09 4.45747750922e-10 3.7603884031e-10 -1.21979772372e-09
 -1.97379341521e-10 2.28558672814e-11 -4.21599062338e-11 -2.98491497215e-11 -5.17141290195e-11 2.79163982371e-10 1.9043313926e-10 -1.4270405179e-10 -7.33648979338e-11 8.96402107526e-12 3.01141856682e-10 3.80890382726e-10 -7.50422175623e-11 -1.14771261696e-10 -9.4358310613e-11 -3.73208532048e-10 -2.58082861791e-11 -7.70369298834e-12 2.61238013334e-10 4.62998641703e-10 -1.507006414e-10 -9.99817457661e-11 -2.51405174658e-10
 1.04126198797e-10 1.11686331319e-09 4.27814090217e-11 -4.61352334225e-11 2.75303210969e-10 -1.70861346409e-09 -1.4270405179e-10 6.77372349358e-10 3.98767342564e-10 1.45258637896e-09 -2.45572211481e-11 -1.7890463909e-09 2.66472310695e-11 6.02914689251e-10 3.75768342798e-10 3.39824849649e-10 1.06369724111e-09 2.65399672261e-10 7.17422363602e-10 -4.9362170325e-10 -1.46717396304e-10 -8.28711004826e-11 4.32599287089e-10
 4.64490300828e-12 8.70041736542e-10 3.29346979655e-11 1.91702647987e-10 1.50925316573e-09 -3.81956660497e-10 -7.33648979338e-11 3.98767342564e-10 1.82755293677e-09 2.44673869102e-09 -8.18900658211e-10 -9.40049277424e-10 2.69378441905e-10 4.88729435667e-10 1.46792298079e-09 2.59932142371e-11 -3.53407192007e-09 -9.83916402857e-10 -2.45187321685e-09 1.58340441539e-09 1.9617972462e-10 1.56055732169e-10 -2.28065845527e-11
 -7.17286012804e-11 5.62936350877e-09 6.40672438689e-12 -1.31643550741e-10 5.64841467641e-09 -3.97517701972e-09 8.96402107523e-12 1.45258637896e-09 2.44673869102e-09 1.21906344509e-08 -3.99494922776e-10 -2.85940633439e-09 1.78493050229e-10 1.75583426073e-09 2.74919204118e-09 -8.51596930799e-10 4.15373634279e-10 6.63434158191e-10 -1.34769183634e-11 1.79220204232e-09 -2.17332453418e-09 -3.49509035738e-10 -2.30423188525e-09
 -2.99295693329e-10 3.01440876068e-10 -7.44706034359e-11 -5.04673174268e-10 -5.88473710178e-10 -2.0627926988e-11 3.01141856682e-10 -2.45572211481e-11 -8.18900658211e-10 -3.99494922776e-10 3.4142772946e-09 1.05114221878e-09 -6.54478360389e-10 -4.08026021057e-10 -4.40776893543e-10 -1.78217218335e-09 4.51023681917e-09 1.82280528174e-09 3.9687317232e-09 -9.15080945436e-10 -5.52252113927e-10 -1.61762324039e-09 -7.45142033009e-10
 -4.61520206332e-10 -2.08010559994e-09 -7.60644966524e-11 -1.59557154716e-11 -8.94759066365e-10 5.31776936143e-09 3.80890382726e-10 -1.7890463909e-09 -9.40049277424e-10 -2.85940633439e-09 1.05114221878e-09 1.12427551567e-08 -2.73302437776e-10 -3.09888000781e-09 -1.37848155939e-09 -9.88765573946e-10 -2.52090241092e-09 -1.31405714009e-10 -2.6910773447e-09 1.20013681462e-10 5.93310376549e-10 -2.51727818379e-11 -3.0972535431e-09
 5.16275744235e-11 -1.36381110134e-11 2.31168551259e-11 1.03764364579e-10 1.64140343871e-10 2.85984158252e-11 -7.50422175623e-11 2.66472310695e-11 2.69378441905e-10 1.78493050229e-10 -6.54478360389e-10 -2.73302437776e-10 1.6847006185e-10 1.3494703276e-10 1.94458312454e-10 1.04369756843e-10 -9.1830470945e-10 -3.65073605271e-10 -6.39182524796e-10 5.6778109007e-10 -6.47041127745e-11 1.5255110178e-10 -6.08667350503e-11
 9.68980971067e-11 8.72218983718e-10 3.32438577835e-11 1.60460356928e-11 8.84185326237e-10 -1.60177851244e-09 -1.14771261696e-10 6.02914689251e-10 4.88729435667e-10 1.75583426073e-09 -4.08026021057e-10 -3.09888000781e-09 1.3494703276e-10 1.05167593033e-09 6.98652700254e-10 1.34667125135e-10 4.6498936917e-10 1.2823527806e-11 5.07772974141e-10 4.07207739982e-10 -4.70491419925e-10 -1.22794060705e-10 3.09749603672e-10
 1.07911924781e-10 8.33406394484e-10 1.85923155989e-11 3.50423283917e-10 1.89740954741e-09 -7.90005326372e-10 -9.4358310613e-11 3.75768342798e-10 1.46792298079e-09 2.74919204118e-09 -4.40776893543e-10 -1.37848155939e-09 1.94458312454e-10 6.98652700254e-10 2.26066736834e-09 9.34857953796e-10 -2.0268868905e-09 -9.26197473858e-10 -2.73339699883e-09 3.29732141945e-12 3.0732228713e-10 -2.85452305576e-10 -1.4523840802e-10
 5.30609148101e-10 -7.46978558739e-10 5.47089807432e-11 7.19763812635e-10 2.9484919457e-10 -8.96563983687e-10 -3.73208532048e-10 3.39824849649e-10 2.59932142371e-11 -8.51596930799e-10 -1.78217218335e-09 -9.88765573946e-10 1.04369756843e-10 1.34667125135e-10 9.34857953796e-10 5.81408519272e-09 -1.02006497953e-09 -1.64795910087e-09 -4.80608381177e-09 -6.33225179878e-09 2.60149541787e-09 1.52697111695e-09 2.6873620532e-09
 2.10117100463e-10 2.24382654142e-09 -3.79322992532e-11 -1.08467024771e-09 -2.49835419112e-09 -6.12677946238e-09 -2.58082861791e-11 1.06369724111e-09 -3.53407192007e-09 4.15373634279e-10 4.51023681917e-09 -2.52090241092e-09 -9.1830470945e-10 4.6498936917e-10 -2.0268868905e-09 -1.02006497953e-09 2.4765018532e-08 7.39700158556e-09 1.71535179982e-08 -8.58246869039e-09 -2.97742349733e-09 -2.73556182443e-09 5.35377274556e-10
 3.57053984781e-11 1.00912616964e-09 -7.41012267812e-12 -8.56332090823e-10 -5.17104032597e-10 -1.63164909355e-09 -7.70369298834e-12 2.65399672261e-10 -9.83916402857e-10 6.63434158191e-10 1.82280528174e-09 -1.31405714009e-10 -3.65073605271e-10 1.2823527806e-11 -9.26197473858e-10 -1.64795910087e-09 7.39700158556e-09 3.99574140469e-09 5.79967827727e-09 -1.95688517487e-09 -1.11153691766e-09 -1.11244165254e-09 8.02373946651e-11
 -2.98038813767e-10 2.22277042093e-09 -5.67385729914e-11 -1.22735969661e-09 -2.8374156716e-09 -4.08818109373e-09 2.61238013334e-10 7.17422363602e-10 -2.45187321685e-09 -1.34769183634e-11 3.9687317232e-09 -2.6910773447e-09 -6.39182524796e-10 5.07772974141e-10 -2.73339699883e-09 -4.80608381177e-09 1.71535179982e-08 5.79967827727e-09 1.74868632271e-08 -1.13013930976e-09 -3.01972046012e-09 -2.17226677931e-09 -1.70467450313e-10
 -8.39359222745e-10 6.40680907031e-10 -3.02004284102e-11 -1.83973500259e-10 7.40307368772e-10 2.17822186726e-09 4.62998641703e-10 -4.9362170325e-10 1.58340441539e-09 1.79220204232e-09 -9.15080945436e-10 1.20013681462e-10 5.6778109007e-10 4.07207739982e-10 3.29732141941e-12 -6.33225179878e-09 -8.58246869039e-09 -1.95688517487e-09 -1.13013930976e-09 1.32635646178e-08 -3.86556827996e-09 -1.24125722554e-09 -5.08952309169e-09
 2.92242197387e-10 -1.32934585205e-09 9.32846055045e-12 3.85250004328e-10 -6.71412435159e-10 4.45747750922e-10 -1.507006414e-10 -1.46717396304e-10 1.9617972462e-10 -2.17332453418e-09 -5.52252113927e-10 5.93310376549e-10 -6.47041127745e-11 -4.70491419925e-10 3.0732228713e-10 2.60149541787e-09 -2.97742349733e-09 -1.11153691766e-09 -3.01972046012e-09 -3.86556827996e-09 4.74524878402e-09 1.8943590683e-09 4.50416441094e-09
 1.51787925824e-10 -4.70099991077e-10 1.6367941975e-11 2.41101190873e-10 4.97811067989e-11 3.7603884031e-10 -9.99817457661e-11 -8.28711004826e-11 1.56055732169e-10 -3.49509035739e-10 -1.61762324039e-09 -2.51727818378e-11 1.5255110178e-10 -1.22794060705e-10 -2.85452305576e-10 1.52697111695e-09 -2.73556182443e-09 -1.11244165254e-09 -2.17226677931e-09 -1.24125722554e-09 1.8943590683e-09 2.24415174088e-09 2.38016815648e-09
 3.76932535456e-10 -6.16222476111e-10 3.83262488876e-11 1.26719727256e-10 -1.77976101416e-09 -1.21979772372e-09 -2.51405174658e-10 4.32599287089e-10 -2.28065845527e-11 -2.30423188525e-09 -7.45142033009e-10 -3.0972535431e-09 -6.08667350503e-11 3.09749603672e-10 -1.4523840802e-10 2.6873620532e-09 5.35377274556e-10 8.02373946651e-11 -1.70467450313e-10 -5.08952309169e-09 4.50416441095e-09 2.38016815648e-09 7.70852270503e-09
340.0 3.5043488165e-10 -1.60838152157e-10 3.44889501557e-11 6.82697367627e-11 1.16516721928e-10 -4.01206574217e-10 -2.30742195374e-10 1.13566811132e-10 -3.34778053797e-12 -1.22886672245e-10 -3.18324636395e-10 -5.82968978402e-10 5.47209223785e-11 1.25276465441e-10 1.48344804654e-10 6.61868111753e-10 3.44925281419e-10 6.58441985107e-11 -3.54951285563e-10 -1.11832500738e-09 3.6775783323e-10 1.62232061189e-10 4.73108577829e-10
 -1.60838152157e-10 5.32727801382e-09 -5.56005494427e-12 -3.23400892041e-10 6.30918049649e-10 -4.15267879874e-09 7.68679702206e-11 1.19554207347e-09 9.31478893959e-10 6.72613959323e-09 3.08519156587e-10 -1.61960153192e-09 -2.29781808718e-11 7.05114624802e-10 6.25103893353e-10 -1.18242329408e-09 1.79358012005e-09 1.10505757322e-09 2.34705119552e-09 1.56001102578e-09 -1.68828017126e-09 -5.22979573318e-10 -1.34190984827e-09
