3.75153302405e-10 -9.21078318167e-11 1.63466277746e-11 3.61861468701e-11 2.12321114713e-11 -2.60538825722e-10 -1.71072008785e-10 3.08156160749e-11 -3.54897612426e-11 -6.75450622405e-11 -2.3586709892e-10 -4.18839825378e-10 3.17964171718e-11 7.04887656911e-11 6.29197470252e-11 3.66663267259e-10 2.28608137032e-10 8.11394161592e-11 -2.7174091422e-10 -7.56654177054e-10 1.53526176921e-10 1.18683952575e-10 3.15558845675e-10
-9.21078318167e-11 1.99025314017e-09 -2.18760172045e-12 -8.15919726518e-11 -5.36663648202e-10 -1.62896623995e-09 3.32319385116e-11 4.44523572652e-10 1.15970090794e-10 1.92046655188e-09 3.45938204416e-10 -8.3725246185e-10 -3.86753864018e-11 1.87256270611e-10 2.21413106735e-10 -1.02350204139e-10 1.56914263058e-09 3.22438548646e-10 1.00987083155e-09 2.07686831506e-10 -8.823424017e-10 -5.20907056238e-10 -2.59390208792e-10
1.63466277746e-11 -2.18760172045e-12 5.60734839491e-12 -1.75837662846e-13 6.54186513834e-12 -1.25421175339e-11 -2.64162947709e-11 9.40726550248e-12 1.33665777228e-11 6.35142643083e-12 -2.95959086202e-11 -3.06202928657e-11 9.76686164233e-12 1.19531304628e-11 1.41425919071e-11 1.50097417113e-11 -1.57792627593e-11 1.42780022689e-11 -1.21464784805e-11 -5.3749082616e-12 3.37218534513e-13 -1.5627574356e-12 1.26337369549e-12
3.61861468701e-11 -8.15919726518e-11 -1.75837662846e-13 1.17891670926e-10 5.78130680449e-14 -1.01179057718e-10 -1.40624328004e-11 6.75467031565e-12 -6.60511082259e-11 -7.08251372903e-11 -1.65352170665e-10 -2.16193740955e-10 3.11498766362e-11 3.0625930815e-11 1.04456792028e-10 3.99931938061e-10 2.0791867384e-10 -2.95574963164e-10 -2.89645609135e-10 -3.37378241617e-10 8.059136133e-11 4.30104499339e-11 1.45257986569e-10
2.12321114713e-11 -5.36663648202e-10 6.54186513834e-12 5.78130680438e-14 1.42017421413e-09 6.51174289943e-10 -3.57092581707e-11 -8.01251512854e-11 1.93829467772e-10 3.24107501436e-10 5.14178843717e-11 3.94745046808e-10 -4.27502898091e-12 3.31705793922e-11 3.35636642061e-10 1.07751102226e-10 -5.30841024773e-10 2.03378533852e-11 -6.55777099264e-10 -2.93924331026e-10 1.08416807095e-10 -5.04738508282e-11 -5.93410831233e-10
-2.60538825722e-10 -1.62896623995e-09 -1.25421175339e-11 -1.01179057718e-10 6.51174289943e-10 5.35138823891e-09 1.35056886838e-10 -1.03643019842e-09 -5.03037542587e-11 -1.49528139372e-09 3.77905751668e-10 4.47724444643e-09 -2.36519084671e-11 -9.27613497248e-10 -4.92422026428e-10 -1.74678872568e-09 -3.19104228145e-09 1.13634043251e-10 -9.18441260465e-10 1.06677684995e-09 2.67037947922e-10 3.46213994313e-10 -1.02414088275e-09
-1.71072008785e-10 3.32319385116e-11 -2.64162947709e-11 -1.40624328004e-11 -3.57092581707e-11 1.35056886838e-10 1.65152546968e-10 -3.67186901e-11 -2.54234288481e-11 -7.81687021218e-12 1.61075036998e-10 2.16174226623e-10 -4.00138532155e-11 -4.46501411252e-11 -8.22668379706e-11 -2.0124765347e-10 -6.45979181191e-11 -1.06411933768e-10 1.11058673873e-10 3.05693740295e-10 -4.72714895552e-11 -1.42614983383e-11 -8.67202326061e-11
3.08156160749e-11 4.44523572652e-10 9.40726550248e-12 6.75467031565e-12 -8.01251512854e-11 -1.03643019842e-09 -3.67186901e-11 4.14088200256e-10 2.11228567562e-10 4.19987172189e-10 -1.08988401595e-11 -1.24351639463e-09 1.4264353213e-11 3.97283615072e-10 2.39790477795e-10 3.32623185507e-10 5.03235587371e-10 1.02357204387e-11 3.20863825321e-10 -1.65047955417e-10 -1.49425216453e-10 -1.51688280669e-10 2.01789331136e-10
-3.54897612426e-11 1.15970090794e-10 1.33665777228e-11 -6.60511082259e-11 1.93829467772e-10 -5.03037542587e-11 -2.54234288481e-11 2.11228567562e-10 8.25435400082e-10 4.40613934483e-10 -1.41401036691e-10 -1.38126538356e-10 7.27628500703e-11 2.35737801204e-10 5.00579571818e-10 -5.91432248812e-10 -1.25485255303e-09 1.99464236724e-10 -1.34980889676e-10 1.15943187053e-09 -1.73702318035e-10 -1.6738041686e-10 -3.42704857696e-10
-6.75450622405e-11 1.92046655188e-09 6.35142643083e-12 -7.08251372903e-11 3.24107501436e-10 -1.49528139372e-09 -7.81687021218e-12 4.19987172189e-10 4.40613934483e-10 3.18848651462e-09 2.08520627973e-10 -3.26606687933e-10 -1.89650977971e-13 2.16466943035e-10 5.16821535772e-10 -3.32981166391e-10 1.47134152776e-09 4.66664190809e-10 6.99373383697e-10 3.55510145898e-10 -9.39906616572e-10 -4.72267345038e-10 -7.00338153879e-10
-2.3586709892e-10 3.45938204416e-10 -2.95959086202e-11 -1.65352170665e-10 5.14178843717e-11 3.77905751668e-10 1.61075036998e-10 -1.08988401595e-11 -1.41401036691e-10 2.08520627973e-10 1.98547018593e-09 1.19134681163e-09 -3.46558402734e-10 -4.16144286324e-10 4.94698479901e-11 -6.27377576415e-10 1.51101171625e-09 5.26555304791e-10 1.12504909897e-09 -7.26733560936e-10 -2.39699201822e-10 -9.31020539397e-10 -7.25915468936e-10
-4.18839825378e-10 -8.3725246185e-10 -3.06202928657e-11 -2.16193740955e-10 3.94745046808e-10 4.47724444643e-09 2.16174226623e-10 -1.24351639463e-09 -1.38126538356e-10 -3.26606687933e-10 1.19134681163e-09 1.0635936624e-08 -1.95928405618e-10 -2.38940086927e-09 -6.66726227521e-10 -3.01788512387e-09 -1.35178544186e-09 8.081766697e-10 -1.34910773395e-09 1.70470432559e-09 -4.30694147143e-10 -8.29759744085e-11 -2.95223990155e-09
3.17964171718e-11 -3.86753864018e-11 9.76686164233e-12 3.11498766362e-11 -4.27502898091e-12 -2.36519084671e-11 -4.00138532155e-11 1.4264353213e-11 7.27628500703e-11 -1.8965097797e-13 -3.46558402734e-10 -1.95928405618e-10 8.36571281836e-11 9.58665993677e-11 2.17447404479e-11 -6.95529222856e-11 -2.89770406826e-10 -7.73537411411e-11 -8.7706254147e-11 3.41410784177e-10 -9.62065811815e-12 9.23207843053e-11 -1.45763507597e-12
7.04887656911e-11 1.87256270611e-10 1.19531304628e-11 3.0625930815e-11 3.31705793922e-11 -9.27613497248e-10 -4.46501411252e-11 3.97283615072e-10 2.35737801204e-10 2.16466943035e-10 -4.16144286324e-10 -2.38940086927e-09 9.58665993677e-11 8.01567188817e-10 2.81409993338e-10 3.48529818974e-10 -9.18388146714e-11 -1.46242582907e-10 2.80841822544e-10 1.66323312306e-10 2.91409494115e-12 3.52358008222e-11 4.29408056232e-10
6.29197470252e-11 2.21413106735e-10 1.41425919071e-11 1.04456792028e-10 3.35636642061e-10 -4.92422026428e-10 -8.22668379706e-11 2.39790477795e-10 5.00579571818e-10 5.16821535772e-10 4.94698479901e-11 -6.66726227521e-10 2.17447404479e-11 2.81409993338e-10 1.19452574359e-09 5.43900653329e-10 2.56313299627e-10 -4.14565271776e-11 -1.07813293088e-09 -4.53370202444e-10 -9.00469815725e-11 -4.33208093918e-10 -5.86297585176e-11
3.66663267259e-10 -1.02350204139e-10 1.50097417113e-11 3.99931938061e-10 1.07751102226e-10 -1.74678872568e-09 -2.0124765347e-10 3.32623185507e-10 -5.91432248812e-10 -3.32981166391e-10 -6.27377576415e-10 -3.01788512387e-09 -6.95529222856e-11 3.48529818974e-10 5.43900653329e-10 5.75433582189e-09 1.87498833958e-09 -1.01554830144e-09 -2.14679369226e-09 -5.7971966661e-09 8.41731895494e-10 2.26147117056e-10 2.21685984675e-09
2.28608137032e-10 1.56914263058e-09 -1.57792627593e-11 2.0791867384e-10 -5.30841024773e-10 -3.19104228145e-09 -6.45979181192e-11 5.03235587371e-10 -1.25485255303e-09 1.47134152776e-09 1.51101171625e-09 -1.35178544186e-09 -2.89770406826e-10 -9.18388146714e-11 2.56313299627e-10 1.87498833958e-09 1.16122188524e-08 1.14883307134e-09 3.72663860575e-09 -6.15300756208e-09 -6.88251531786e-10 -1.02441646582e-09 9.95021736097e-10
8.11394161592e-11 3.22438548646e-10 1.42780022689e-11 -2.95574963164e-10 2.03378533852e-11 1.13634043251e-10 -1.06411933768e-10 1.02357204387e-11 1.99464236724e-10 4.66664190809e-10 5.26555304791e-10 8.081766697e-10 -7.73537411411e-11 -1.46242582907e-10 -4.14565271776e-11 -1.01554830144e-09 1.14883307134e-09 1.73772939632e-09 1.51863434983e-09 -5.1752393335e-10 -2.47479681636e-10 -3.16945402086e-10 -4.02898878749e-10
-2.7174091422e-10 1.00987083155e-09 -1.21464784805e-11 -2.89645609135e-10 -6.55777099264e-10 -9.18441260465e-10 1.11058673873e-10 3.20863825321e-10 -1.34980889676e-10 6.99373383697e-10 1.12504909897e-09 -1.34910773394e-09 -8.7706254147e-11 2.80841822544e-10 -1.07813293088e-09 -2.14679369226e-09 3.72663860575e-09 1.51863434983e-09 8.41399887657e-09 1.10672312484e-09 -7.44057370735e-10 -1.00894087593e-09 -1.21736332335e-09
-7.56654177054e-10 2.07686831506e-10 -5.3749082616e-12 -3.37378241617e-10 -2.93924331026e-10 1.06677684995e-09 3.05693740295e-10 -1.65047955417e-10 1.15943187053e-09 3.55510145898e-10 -7.26733560936e-10 1.70470432559e-09 3.41410784177e-10 1.66323312306e-10 -4.53370202444e-10 -5.7971966661e-09 -6.15300756208e-09 -5.1752393335e-10 1.10672312484e-09 1.06042923659e-08 -1.31852729792e-09 -2.835131551e-10 -3.19346063348e-09
1.53526176921e-10 -8.823424017e-10 3.37218534513e-13 8.059136133e-11 1.08416807095e-10 2.67037947922e-10 -4.72714895552e-11 -1.49425216453e-10 -1.73702318035e-10 -9.39906616572e-10 -2.39699201822e-10 -4.30694147143e-10 -9.62065811815e-12 2.91409494115e-12 -9.00469815725e-11 8.41731895494e-10 -6.88251531786e-10 -2.47479681636e-10 -7.44057370735e-10 -1.31852729792e-09 1.31162581953e-09 5.58570302631e-10 1.32824727206e-09
1.18683952575e-10 -5.20907056238e-10 -1.5627574356e-12 4.30104499339e-11 -5.04738508282e-11 3.46213994313e-10 -1.42614983383e-11 -1.51688280669e-10 -1.6738041686e-10 -4.72267345038e-10 -9.31020539397e-10 -8.29759744086e-11 9.23207843053e-11 3.52358008222e-11 -4.33208093918e-10 2.26147117056e-10 -1.02441646582e-09 -3.16945402086e-10 -1.00894087593e-09 -2.835131551e-10 5.58570302631e-10 1.3943604081e-09 1.47739046465e-09
3.15558845675e-10 -2.59390208792e-10 1.26337369549e-12 1.45257986569e-10 -5.93410831233e-10 -1.02414088275e-09 -8.67202326061e-11 2.01789331136e-10 -3.42704857696e-10 -7.00338153879e-10 -7.25915468936e-10 -2.95223990155e-09 -1.45763507597e-12 4.29408056232e-10 -5.86297585176e-11 2.21685984675e-09 9.95021736097e-10 -4.02898878749e-10 -1.21736332335e-09 -3.19346063348e-09 1.32824727206e-09 1.47739046465e-09 4.57670836776e-09
