260.0 6.1669573239e-11 9.35098891191e-13 1.35498302799e-11 1.91116671355e-11 1.4636418446e-11 -1.04567266961e-10 -6.79034257917e-11 3.57477155181e-11 1.17391412904e-11 -2.70383047674e-12 -1.10406233543e-10 -1.38048264193e-10 2.73327904198e-11 3.29932065572e-11 4.3304829183e-11 1.43870790223e-10 -4.48157111965e-12 -1.42924151705e-11 -9.05650053222e-11 -1.32521352444e-10 3.93039541318e-11 2.04131626926e-11 6.17843920242e-11
 9.35098891194e-13 1.10525950712e-09 3.44632136246e-12 -3.32700625685e-11 1.51010090218e-10 -1.07977824415e-09 -6.18159315499e-12 3.27451317257e-10 2.22177155869e-10 1.52300931537e-09 8.28449787182e-11 -6.82228941541e-10 2.2500025207e-12 2.19558646514e-10 2.32453090013e-10 -7.49089395975e-11 9.81953908057e-10 1.84381457683e-10 7.66385129636e-10 -2.133816313e-11 -2.6280701158e-10 -1.95442644153e-10 -1.65431446784e-11
 1.35498302799e-11 3.44632136246e-12 7.03434026639e-12 3.98147377161e-12 2.23115034969e-12 -2.18212125945e-11 -2.21929784115e-11 2.15212480219e-11 1.89282675583e-11 2.70616525104e-12 -4.47906477881e-11 -3.25953741106e-11 1.4841501575e-11 1.85262285002e-11 1.59883410832e-11 3.06925833914e-11 -3.32658720381e-11 -1.61700916349e-11 -3.62712643995e-11 7.78493070929e-14 1.56424265146e-12 3.30309868202e-12 8.95027364703e-12
 1.91116671355e-11 -3.32700625685e-11 3.98147377161e-12 1.33549074629e-10 3.6343942965e-12 7.49804862474e-12 -2.0832334013e-11 4.73865971651e-14 1.02893044517e-10 -2.86900463086e-11 -2.40097298171e-10 -1.10658043729e-10 7.27228160543e-11 6.16371022124e-11 2.41655288034e-10 2.20852379427e-10 -4.37919695157e-10 -3.60717739659e-10 -4.34211062779e-10 1.07483931721e-10 7.09713329655e-11 1.55475158973e-12 -4.00306807995e-11
 1.4636418446e-11 1.51010090218e-10 2.23115034969e-12 3.63439429651e-12 1.63354127983e-09 6.97765730476e-11 -1.64296904978e-11 9.82180773874e-11 4.3594486259e-10 1.51260117545e-09 5.32021204332e-11 -3.10084196328e-11 2.02787305591e-12 2.22963112511e-10 6.03325206913e-10 1.37772054168e-10 -4.52791171102e-10 -1.52024862276e-11 -6.9716855008e-10 -1.41530715853e-10 -1.1556088313e-10 -7.57937995181e-11 -5.61283417604e-10
 -1.04567266961e-10 -1.07977824415e-09 -2.18212125945e-11 7.49804862473e-12 6.97765730476e-11 1.84336763691e-09 1.13185485049e-10 -4.60081140363e-10 -2.06856437675e-11 -1.23347682616e-09 6.88788105955e-11 1.65821569026e-09 -3.55211716832e-11 -4.24684335163e-10 -2.23431178808e-10 -2.94571228398e-10 -1.94150571148e-09 -3.09622314844e-10 -1.30606508994e-09 4.84093350995e-10 2.48829098733e-10 2.66639252176e-10 -3.0472330964e-10
 -6.79034257917e-11 -6.18159315499e-12 -2.21929784115e-11 -2.0832334013e-11 -1.64296904978e-11 1.13185485049e-10 9.24067480747e-11 -5.96522085093e-11 -3.83988711329e-11 -4.14016327279e-12 1.54660159355e-10 1.51531866007e-10 -4.47255881463e-11 -5.05255898353e-11 -6.00953673737e-11 -1.57522676491e-10 5.23016214574e-11 2.77681631812e-11 1.23585832012e-10 9.88137984735e-11 -2.70526695714e-11 -1.74805059943e-11 -5.41696653011e-11
 3.57477155181e-11 3.27451317257e-10 2.15212480219e-11 4.73865971682e-14 9.82180773874e-11 -4.60081140363e-10 -5.96522085093e-11 2.63842689932e-10 1.76253259262e-10 4.47810444433e-10 -7.82512216999e-11 -4.72407540041e-10 4.02016044695e-11 1.93751685148e-10 1.26310582713e-10 9.37982734361e-11 2.62219068802e-10 -2.78662849995e-12 2.25222009633e-10 -6.22288132278e-11 -6.37354265529e-11 -4.74098673434e-11 1.02080972197e-10
 1.17391412904e-11 2.22177155869e-10 1.89282675583e-11 1.02893044517e-10 4.3594486259e-10 -2.06856437674e-11 -3.83988711329e-11 1.76253259262e-10 6.47260860107e-10 7.08132001234e-10 -3.77535272617e-10 -7.56991170747e-11 1.1857888362e-10 1.5912520889e-10 4.66958507684e-10 5.97561330327e-11 -1.15077136498e-09 -4.44656474201e-10 -7.5548290257e-10 4.95470289363e-10 9.55442284885e-11 9.11864504694e-11 -1.57498785813e-11
 -2.70383047674e-12 1.52300931537e-09 2.70616525104e-12 -2.86900463086e-11 1.51260117545e-09 -1.23347682616e-09 -4.14016327279e-12 4.47810444433e-10 7.08132001234e-10 3.34995148128e-09 1.12797082517e-10 -5.97153962923e-10 8.85061797027e-12 4.08831105e-10 8.21632298915e-10 -9.10140511192e-11 7.29355792255e-10 2.13911048736e-10 3.03743373823e-10 1.22321230713e-11 -4.09287569017e-10 -2.52770928585e-10 -5.10961371519e-10
 -1.10406233543e-10 8.28449787182e-11 -4.47906477881e-11 -2.40097298171e-10 5.32021204332e-11 6.88788105955e-11 1.54660159355e-10 -7.82512216999e-11 -3.77535272617e-10 1.12797082517e-10 1.44235106963e-09 8.56993409286e-10 -3.13239940531e-10 -3.33241689383e-10 -3.61446462087e-10 -6.24117609578e-10 2.08072363245e-09 9.1950297756e-10 1.5197985167e-09 -7.69652810098e-10 -2.54668715535e-10 -5.64498500712e-10 -4.77038964875e-10
 -1.38048264193e-10 -6.82228941541e-10 -3.25953741106e-11 -1.10658043729e-10 -3.10084196328e-11 1.65821569026e-09 1.51531866007e-10 -4.72407540041e-10 -7.56991170747e-11 -5.97153962923e-10 8.56993409286e-10 3.91043438298e-09 -2.19261823362e-10 -1.03561808804e-09 -3.92801532738e-10 -3.66378032131e-10 -3.28017745766e-10 3.81769877289e-10 -9.51894592555e-10 -5.3847545159e-10 1.61520647554e-10 -1.83845126377e-10 -1.16618300388e-09
 2.73327904198e-11 2.2500025207e-12 1.4841501575e-11 7.27228160543e-11 2.02787305591e-12 -3.55211716831e-11 -4.47255881463e-11 4.02016044695e-11 1.1857888362e-10 8.85061797027e-12 -3.13239940531e-10 -2.19261823362e-10 9.23955154438e-11 1.06000476369e-10 1.57658093237e-10 8.56967057308e-11 -3.98997904958e-10 -2.22135797304e-10 -2.70521545448e-10 2.5905960288e-10 -1.04775088947e-11 3.38714618571e-11 7.62250033269e-14
 3.29932065572e-11 2.19558646514e-10 1.85262285002e-11 6.16371022124e-11 2.22963112511e-10 -4.24684335163e-10 -5.05255898353e-11 1.93751685148e-10 1.5912520889e-10 4.08831105e-10 -3.33241689383e-10 -1.03561808804e-09 1.06000476369e-10 4.09883952236e-10 3.07367880578e-10 4.32791398628e-11 1.49292656139e-11 -1.70663952048e-10 2.23163920262e-10 3.09612216425e-10 -1.05297557305e-10 -8.57748295186e-13 1.70576794802e-10
 4.3304829183e-11 2.32453090013e-10 1.59883410832e-11 2.41655288034e-10 6.03325206913e-10 -2.23431178808e-10 -6.00953673737e-11 1.26310582713e-10 4.66958507684e-10 8.21632298915e-10 -3.61446462087e-10 -3.92801532738e-10 1.57658093237e-10 3.07367880578e-10 9.19866863694e-10 3.45031870339e-10 -4.87435728286e-10 -5.92052568996e-10 -6.42850002148e-10 2.12007645523e-10 1.23686060526e-11 -2.44109655898e-10 -2.80853952692e-10
 1.43870790223e-10 -7.49089395975e-11 3.06925833914e-11 2.20852379427e-10 1.37772054168e-10 -2.94571228398e-10 -1.57522676491e-10 9.37982734361e-11 5.97561330327e-11 -9.10140511192e-11 -6.24117609578e-10 -3.66378032131e-10 8.56967057308e-11 4.32791398628e-11 3.45031870339e-10 1.58923754621e-09 -7.47437873872e-10 -6.83911810048e-10 -1.54760016639e-09 -1.18054328261e-09 5.03583812006e-10 2.30798436273e-10 4.29692495316e-10
 -4.48157111962e-12 9.81953908057e-10 -3.32658720381e-11 -4.37919695157e-10 -4.52791171102e-10 -1.94150571148e-09 5.23016214574e-11 2.62219068802e-10 -1.15077136498e-09 7.29355792255e-10 2.08072363245e-09 -3.28017745766e-10 -3.98997904958e-10 1.49292656139e-11 -4.87435728286e-10 -7.47437873872e-10 8.21853233503e-09 2.76864754232e-09 5.51718677349e-09 -2.6065196847e-09 -1.18412637699e-09 -1.43998605173e-09 -5.06000604976e-10
 -1.42924151705e-11 1.84381457683e-10 -1.61700916349e-11 -3.60717739659e-10 -1.52024862276e-11 -3.09622314844e-10 2.77681631811e-11 -2.78662849994e-12 -4.44656474201e-10 2.13911048736e-10 9.1950297756e-10 3.81769877289e-10 -2.22135797304e-10 -1.70663952048e-10 -5.92052568996e-10 -6.83911810048e-10 2.76864754232e-09 1.66900269464e-09 2.16140254984e-09 -1.06284977141e-09 -2.65691164765e-10 -1.79750834325e-10 1.22789962019e-10
 -9.05650053221e-11 7.66385129636e-10 -3.62712643995e-11 -4.34211062779e-10 -6.9716855008e-10 -1.30606508994e-09 1.23585832012e-10 2.25222009633e-10 -7.5548290257e-10 3.03743373823e-10 1.5197985167e-09 -9.51894592555e-10 -2.70521545448e-10 2.23163920262e-10 -6.42850002148e-10 -1.54760016639e-09 5.51718677349e-09 2.16140254984e-09 5.19452675366e-09 -6.84125596505e-10 -8.92901551276e-10 -7.87839740176e-10 4.56721855782e-11
 -1.32521352444e-10 -2.133816313e-11 7.78493070894e-14 1.07483931721e-10 -1.41530715853e-10 4.84093350995e-10 9.88137984735e-11 -6.22288132278e-11 4.95470289363e-10 1.22321230713e-11 -7.69652810098e-10 -5.3847545159e-10 2.5905960288e-10 3.09612216425e-10 2.12007645523e-10 -1.18054328261e-09 -2.6065196847e-09 -1.06284977141e-09 -6.84125596505e-10 3.40346224775e-09 -7.63272272561e-10 -1.46436426867e-10 -8.91162023577e-10
 3.93039541318e-11 -2.6280701158e-10 1.56424265146e-12 7.09713329655e-11 -1.1556088313e-10 2.48829098733e-10 -2.70526695714e-11 -6.37354265529e-11 9.55442284885e-11 -4.09287569017e-10 -2.54668715535e-10 1.61520647554e-10 -1.04775088947e-11 -1.05297557305e-10 1.23686060526e-11 5.03583812006e-10 -1.18412637699e-09 -2.65691164765e-10 -8.92901551276e-10 -7.63272272561e-10 1.21678641502e-09 7.66356980846e-10 1.22409366799e-09
 2.04131626926e-11 -1.95442644153e-10 3.30309868202e-12 1.55475158973e-12 -7.57937995181e-11 2.66639252176e-10 -1.74805059943e-11 -4.74098673434e-11 9.11864504694e-11 -2.52770928585e-10 -5.64498500712e-10 -1.83845126377e-10 3.38714618571e-11 -8.57748295179e-13 -2.44109655898e-10 2.30798436273e-10 -1.43998605173e-09 -1.79750834325e-10 -7.87839740176e-10 -1.46436426867e-10 7.66356980846e-10 1.03421567722e-09 1.20916664603e-09
 6.17843920242e-11 -1.65431446784e-11 8.95027364703e-12 -4.00306807995e-11 -5.61283417604e-10 -3.0472330964e-10 -5.41696653011e-11 1.02080972197e-10 -1.57498785813e-11 -5.10961371519e-10 -4.77038964875e-10 -1.16618300388e-09 7.62250033312e-14 1.70576794802e-10 -2.80853952692e-10 4.29692495316e-10 -5.06000604976e-10 1.22789962019e-10 4.56721855782e-11 -8.91162023577e-10 1.22409366799e-09 1.20916664603e-09 2.49785084e-09
280.0 1.07471941639e-10 -8.05180534657e-12 1.44759482184e-11 2.99116603955e-11 9.54779748273e-12 -1.7655493381e-10 -8.70970483891e-11 4.5416903606e-11 -5.38706042485e-13 -3.09740719743e-11 -1.59663251923e-10 -2.27922400327e-10 3.12800288138e-11 4.79134410189e-11 4.91401349869e-11 2.2935842417e-10 2.13269014378e-11 -2.13176174684e-11 -1.30345376712e-10 -2.70801857232e-10 1.05042958501e-10 5.86454872161e-11 1.42459287716e-10
 -8.05180534657e-12 1.70189503794e-09 6.27147119968e-12 -6.5706351877e-11 3.69437994124e-10 -1.55916199643e-09 -1.18014830014e-11 5.14034846872e-10 3.80657273495e-10 2.45141655543e-09 1.49230581307e-10 -1.05043416648e-09 -4.71270122586e-13 3.85343720416e-10 4.04288507518e-10 -1.72095547176e-10 1.46304622991e-09 3.75535711106e-10 1.15773082824e-09 -3.04513543192e-11 -4.56391127383e-10 -2.64328610167e-10 -4.69650032416e-11
 1.44759482184e-11 6.27147119967e-12 9.20219879444e-12 2.84012336059e-12 9.17655285405e-13 -2.52022459758e-11 -2.86007822342e-11 2.79109908087e-11 2.51852395876e-11 4.05783364685e-12 -5.39471867441e-11 -3.41924941582e-11 1.86199327476e-11 2.12264004175e-11 1.6571254441e-11 2.98801859608e-11 -4.35406172518e-11 -1.51088580174e-11 -3.9922580959e-11 1.09430280819e-11 -2.62811743966e-12 2.87465290961e-12 6.91737391568e-12
 2.99116603955e-11 -6.5706351877e-11 2.84012336059e-12 1.71759043458e-10 -5.03182433892e-12 2.22725954002e-11 -2.18728312554e-11 -1.39000614216e-11 1.1671741664e-10 -7.36190837298e-11 -3.22519145466e-10 -1.22854874371e-10 8.52364212641e-11 5.62810306202e-11 2.67421467905e-10 3.31269262132e-10 -6.33164167146e-10 -4.9429693539e-10 -6.21270189991e-10 8.65633196195e-11 1.43528871932e-10 5.56924663515e-11 -1.55927612995e-12
 9.54779748273e-12 3.69437994124e-10 9.17655285406e-13 -5.03182433891e-12 2.63181525212e-09 4.77185149567e-11 -9.77100915913e-12 1.53839423687e-10 6.94331154066e-10 2.62989217621e-09 1.4662778512e-10 6.21884760219e-11 -6.79864714557e-12 3.10192154564e-10 9.35481972593e-10 1.72483730131e-10 -6.65468459472e-10 2.08215595281e-12 -1.09253166307e-09 -1.70346803229e-10 -2.61713892683e-10 -1.73154973234e-10 -1.02352037887e-09
 -1.7655493381e-10 -1.55916199643e-09 -2.52022459758e-11 2.22725954002e-11 4.77185149567e-11 2.77387585767e-09 1.501697861e-10 -7.20413134968e-10 -7.21488467848e-11 -1.82851343742e-09 1.11203530327e-10 2.5676905569e-09 -3.43423908261e-11 -7.05929139879e-10 -3.45810581293e-10 -4.35628429399e-10 -2.91742033713e-09 -5.49732285351e-10 -1.99636337104e-09 8.83517623769e-10 2.60960220892e-10 2.52786108287e-10 -6.47647738496e-10
 -8.70970483891e-11 -1.18014830014e-11 -2.86007822342e-11 -2.18728312555e-11 -9.77100915913e-12 1.501697861e-10 1.16857585453e-10 -8.04320813351e-11 -5.07076268557e-11 1.87952607028e-12 2.00597979012e-10 1.90920826789e-10 -5.71031378639e-11 -6.33173476735e-11 -6.29427579201e-11 -1.88657360767e-10 7.77161624776e-11 3.17841727068e-11 1.54244828615e-10 1.15754576419e-10 -3.93918075045e-11 -3.06102260264e-11 -7.73934572859e-11
 4.5416903606e-11 5.14034846872e-10 2.79109908087e-11 -1.39000614216e-11 1.53839423687e-10 -7.20413134968e-10 -8.04320813351e-11 3.56294264183e-10 2.19478406951e-10 7.04652873167e-10 -3.83908980263e-11 -7.06832559425e-10 3.65598979043e-11 2.68917575074e-10 1.77846884282e-10 1.30515689437e-10 5.06004225661e-10 7.36367389185e-11 3.84625741787e-10 -1.69114322328e-10 -9.47281301304e-11 -7.9303309931e-11 1.49420834817e-10
 -5.38706042492e-13 3.80657273495e-10 2.51852395876e-11 1.1671741664e-10 6.94331154066e-10 -7.21488467847e-11 -5.07076268557e-11 2.19478406951e-10 8.95264308667e-10 1.1373076452e-09 -4.39896314817e-10 -1.32133963912e-10 1.47769029298e-10 1.92907114106e-10 6.60626293019e-10 4.82103899171e-11 -1.65723526191e-09 -5.55358695529e-10 -1.13760393122e-09 7.19243243119e-10 1.0459119582e-10 9.35353405608e-11 -8.78535489456e-11
 -3.09740719743e-11 2.45141655543e-09 4.05783364685e-12 -7.36190837298e-11 2.62989217621e-09 -1.82851343742e-09 1.87952607027e-12 7.04652873167e-10 1.1373076452e-09 5.50657563014e-09 2.5362264266e-10 -8.36239496296e-10 4.3733754908e-12 6.56577434772e-10 1.3098465747e-09 -2.54428802607e-10 1.06393826168e-09 4.54600495947e-10 4.25336920332e-10 9.64384261728e-11 -7.78305971857e-10 -4.09489063708e-10 -1.00814223353e-09
 -1.59663251923e-10 1.49230581307e-10 -5.39471867441e-11 -3.22519145466e-10 1.4662778512e-10 1.11203530327e-10 2.00597979012e-10 -3.83908980263e-11 -4.39896314817e-10 2.5362264266e-10 2.16684155058e-09 1.23318033024e-09 -4.37996657411e-10 -3.86783732952e-10 -2.86058714386e-10 -8.91404125091e-10 3.2119530784e-09 1.33490647071e-09 2.29148140304e-09 -1.19622493741e-09 -3.81701259305e-10 -9.68405671623e-10 -7.16434556023e-10
 -2.27922400327e-10 -1.05043416648e-09 -3.41924941582e-11 -1.22854874371e-10 6.21884760219e-11 2.5676905569e-09 1.90920826789e-10 -7.06832559425e-10 -1.32133963912e-10 -8.36239496296e-10 1.23318033024e-09 5.70062321509e-09 -2.77930499978e-10 -1.49330515053e-09 -4.66177168146e-10 -4.7547481053e-10 -3.55943414061e-10 4.78087595555e-10 -1.35264725628e-09 -7.36847714163e-10 1.00186934873e-10 -4.06237343377e-10 -1.85813971054e-09
 3.12800288138e-11 -4.7127012259e-13 1.86199327476e-11 8.52364212641e-11 -6.79864714557e-12 -3.43423908261e-11 -5.71031378639e-11 3.65598979043e-11 1.47769029298e-10 4.37337549079e-12 -4.37996657411e-10 -2.77930499978e-10 1.20215598439e-10 1.19211602153e-10 1.56739192717e-10 9.42066562869e-11 -6.07267501307e-10 -2.92113671123e-10 -3.86555903421e-10 3.9971821367e-10 -1.83588946071e-11 8.02981262746e-11 6.57663017563e-12
 4.79134410189e-11 3.85343720416e-10 2.12264004175e-11 5.62810306202e-11 3.10192154564e-10 -7.05929139879e-10 -6.33173476735e-11 2.68917575074e-10 1.92907114106e-10 6.56577434772e-10 -3.86783732952e-10 -1.49330515053e-09 1.19211602153e-10 5.37508503086e-10 3.6223541708e-10 5.75266739762e-11 7.42770675188e-11 -1.57072036455e-10 3.20813169569e-10 3.71347918229e-10 -1.57964747014e-10 5.74077568746e-12 2.38968799039e-10
 4.91401349869e-11 4.04288507518e-10 1.6571254441e-11 2.67421467905e-10 9.35481972593e-10 -3.45810581293e-10 -6.29427579201e-11 1.77846884282e-10 6.60626293019e-10 1.3098465747e-09 -2.86058714386e-10 -4.66177168146e-10 1.56739192717e-10 3.6223541708e-10 1.21585453395e-09 4.63291153209e-10 -6.27910026733e-10 -6.33793578761e-10 -9.46529211297e-10 8.24605466826e-11 5.53726790953e-11 -3.27548264765e-10 -3.56778922006e-10
 2.2935842417e-10 -1.72095547176e-10 2.98801859608e-11 3.31269262132e-10 1.72483730131e-10 -4.35628429399e-10 -1.88657360767e-10 1.30515689437e-10 4.82103899171e-11 -2.54428802607e-10 -8.91404125092e-10 -4.75474810531e-10 9.42066562869e-11 5.75266739762e-11 4.63291153209e-10 2.39075159606e-09 -9.37875580872e-10 -9.36737899265e-10 -2.19643823903e-09 -2.10348594021e-09 9.53602334286e-10 4.94555598592e-10 8.5000058064e-10
 2.13269014379e-11 1.46304622991e-09 -4.35406172518e-11 -6.33164167146e-10 -6.65468459471e-10 -2.91742033713e-09 7.77161624775e-11 5.06004225661e-10 -1.65723526191e-09 1.06393826168e-09 3.2119530784e-09 -3.55943414061e-10 -6.07267501307e-10 7.42770675188e-11 -6.27910026733e-10 -9.37875580872e-10 1.28152482331e-08 4.15737337891e-09 8.67646966503e-09 -4.42642966207e-09 -1.6197327394e-09 -2.12922573752e-09 -5.43455537994e-10
 -2.13176174683e-11 3.75535711106e-10 -1.51088580174e-11 -4.9429693539e-10 2.08215595284e-12 -5.49732285351e-10 3.17841727068e-11 7.36367389185e-11 -5.55358695529e-10 4.54600495947e-10 1.33490647071e-09 4.78087595555e-10 -2.92113671123e-10 -1.57072036455e-10 -6.3379357876e-10 -9.36737899265e-10 4.15737337891e-09 2.31989666177e-09 3.13692876251e-09 -1.47584505354e-09 -4.9051939804e-10 -4.76944880125e-10 2.34272313308e-11
 -1.30345376712e-10 1.15773082824e-09 -3.9922580959e-11 -6.21270189991e-10 -1.09253166307e-09 -1.99636337104e-09 1.54244828615e-10 3.84625741787e-10 -1.13760393122e-09 4.25336920332e-10 2.29148140304e-09 -1.35264725628e-09 -3.86555903421e-10 3.20813169569e-10 -9.46529211297e-10 -2.19643823903e-09 8.67646966503e-09 3.13692876251e-09 8.03339527766e-09 -1.18950077405e-09 -1.37079264874e-09 -1.25160017751e-09 7.85198063648e-11
 -2.70801857232e-10 -3.04513543193e-11 1.09430280819e-11 8.65633196195e-11 -1.70346803229e-10 8.83517623769e-10 1.15754576419e-10 -1.69114322328e-10 7.19243243119e-10 9.64384261727e-11 -1.19622493741e-09 -7.36847714163e-10 3.9971821367e-10 3.71347918228e-10 8.24605466826e-11 -2.10348594021e-09 -4.42642966207e-09 -1.47584505354e-09 -1.18950077405e-09 5.70572266484e-09 -1.35368497067e-09 -1.41256277271e-10 -1.51671972387e-09
 1.05042958501e-10 -4.56391127383e-10 -2.62811743966e-12 1.43528871932e-10 -2.61713892683e-10 2.60960220892e-10 -3.93918075045e-11 -9.47281301304e-11 1.0459119582e-10 -7.78305971857e-10 -3.81701259305e-10 1.00186934873e-10 -1.83588946071e-11 -1.57964747014e-10 5.53726790953e-11 9.53602334286e-10 -1.6197327394e-09 -4.9051939804e-10 -1.37079264874e-09 -1.35368497067e-09 1.90552243588e-09 1.05513431452e-09 1.9440349044e-09
 5.86454872161e-11 -2.64328610167e-10 2.87465290961e-12 5.56924663515e-11 -1.73154973234e-10 2.52786108287e-10 -3.06102260264e-11 -7.9303309931e-11 9.35353405608e-11 -4.09489063708e-10 -9.68405671623e-10 -4.06237343377e-10 8.02981262746e-11 5.74077568747e-12 -3.27548264765e-10 4.94555598592e-10 -2.12922573752e-09 -4.76944880125e-10 -1.25160017751e-09 -1.41256277271e-10 1.05513431452e-09 1.43493616123e-09 1.6087928299e-09
 1.42459287716e-10 -4.69650032416e-11 6.91737391569e-12 -1.55927612995e-12 -1.02352037887e-09 -6.47647738496e-10 -7.73934572859e-11 1.49420834817e-10 -8.78535489456e-11 -1.00814223353e-09 -7.16434556023e-10 -1.85813971054e-09 6.57663017564e-12 2.38968799039e-10 -3.56778922006e-10 8.5000058064e-10 -5.43455537994e-10 2.34272313308e-11 7.85198063648e-11 -1.51671972387e-09 1.9440349044e-09 1.6087928299e-09 3.71603874701e-09
300.0 1.21714412333e-10 -1.02417437776e-11 1.41739860472e-11 2.81309355125e-11 1.51819844655e-11 -1.86748345452e-10 -8.96565203503e-11 5.09836683719e-11 3.66777208823e-12 -2.3452037895e-11 -1.44516268327e-10 -2.02363042389e-10 2.66975832585e-11 4.51576325634e-11 5.30795275263e-11 2.32903547623e-10 7.19420898149e-11 5.16908716575e-12 -1.22831403981e-10 -3.42032823244e-10 1.27550963007e-10 6.53649459318e-11 1.57955946385e-10
 -1.02417437776e-11 1.88897684983e-09 7.31212551028e-12 -8.18509577524e-11 3.63005748464e-10 -1.66176216194e-09 -1.53251279271e-11 5.7208351935e-10 4.45716116192e-10 2.63090892656e-09 5.12729514347e-11 -1.33041583749e-09 1.41572825184e-11 4.96428454755e-10 4.31957293418e-10 -2.41597742281e-10 1.282204881e-09 4.24591666837e-10 1.15026125552e-09 1.40192588198e-10 -5.34928938117e-10 -1.71607449983e-10 1.19265691042e-11
 1.41739860472e-11 7.31212551028e-12 7.76685465599e-12 1.05598101174e-12 1.62392103506e-12 -2.6378785574e-11 -2.45932088018e-11 2.5802414286e-11 2.13783619745e-11 6.25387234916e-12 -4.3590981416e-11 -3.30083729388e-11 1.49270439207e-11 1.84592793226e-11 1.22195528259e-11 2.56833217952e-11 -2.90787793805e-11 -7.79843986625e-12 -3.01029518358e-11 7.20895292429e-14 -3.95425216796e-14 4.28729620443e-12 1.13219083231e-11
 2.81309355125e-11 -8.18509577524e-11 1.05598101174e-12 1.58809408886e-10 2.42486196843e-11 4.94632139554e-11 -1.57871755545e-11 -2.08222005808e-11 1.06664398998e-10 -6.39721553399e-11 -2.79267044476e-10 -3.86654020961e-11 6.68667365442e-11 2.45917231143e-11 2.21919622574e-10 3.50571244586e-10 -6.01602082372e-10 -4.67628513415e-10 -6.18617448494e-10 -8.42829482503e-12 1.76316793223e-10 8.33662053077e-11 1.17795976769e-11
 1.51819844655e-11 3.63005748464e-10 1.62392103506e-12 2.42486196843e-11 2.89792225938e-09 8.76446847113e-11 -1.53501352766e-11 1.19545002775e-10 7.755525587e-10 2.89810854048e-09 -1.41091797211e-10 -7.45791431861e-11 4.75241976298e-11 3.67998098962e-10 9.8632299265e-10 1.63857265015e-10 -1.29842383901e-09 -1.98898002727e-10 -1.51349417864e-09 2.38530994323e-10 -3.09569869412e-10 -4.89541601406e-11 -1.1327949454e-09
 -1.86748345452e-10 -1.66176216194e-09 -2.6378785574e-11 4.94632139554e-11 8.76446847113e-11 3.02947449246e-09 1.52697820403e-10 -8.34355184398e-10 -1.63985876993e-10 -1.91297687039e-09 1.08801180243e-10 2.81914418873e-09 -2.2109064055e-11 -8.33018057723e-10 -3.81160685412e-10 -4.11991342027e-10 -3.09363820123e-09 -7.1830083014e-10 -2.17313309071e-09 1.00451353957e-09 2.3014801918e-10 1.53857670297e-10 -8.15274807358e-10
 -8.96565203503e-11 -1.53251279271e-11 -2.45932088018e-11 -1.57871755545e-11 -1.53501352766e-11 1.52697820403e-10 1.02514296394e-10 -8.03275336975e-11 -4.68370192429e-11 -1.10702773789e-11 1.62701641558e-10 1.68232230982e-10 -4.55486405644e-11 -5.80780225877e-11 -5.46644075617e-11 -1.73099364576e-10 1.88848833751e-11 7.16982596879e-12 1.23094438323e-10 1.68413877051e-10 -5.4960100948e-11 -3.43529096327e-11 -9.21206318349e-11
 5.09836683719e-11 5.7208351935e-10 2.5802414286e-11 -2.08222005808e-11 1.19545002775e-10 -8.34355184398e-10 -8.03275336975e-11 3.59319583221e-10 2.10376625908e-10 7.40881182001e-10 -4.57015988301e-11 -8.83561443034e-10 2.78810652764e-11 2.99822507583e-10 1.73520800899e-10 1.52989398397e-10 5.24132879045e-10 1.03425185604e-10 3.92118935239e-10 -1.96751804143e-10 -8.36688026642e-11 -4.06245284751e-11 2.33672214856e-10
 3.66777208823e-12 4.45716116192e-10 2.13783619745e-11 1.06664398998e-10 7.755525587e-10 -1.63985876993e-10 -4.68370192429e-11 2.10376625908e-10 9.2186248936e-10 1.26571000456e-09 -4.31460902449e-10 -3.32729302736e-10 1.4152455717e-10 2.13347221599e-10 7.10333064674e-10 6.25775758893e-11 -1.79148563161e-09 -5.47302962365e-10 -1.27699236656e-09 7.55898645586e-10 1.03753916458e-10 8.99203942196e-11 -5.82680360829e-11
 -2.3452037895e-11 2.63090892656e-09 6.25387234916e-12 -6.39721553399e-11 2.89810854048e-09 -1.91297687039e-09 -1.10702773789e-11 7.40881182001e-10 1.26571000456e-09 5.93765763714e-09 -1.32831320139e-10 -1.34536021181e-09 7.3390995662e-11 8.48892382831e-10 1.38118367199e-09 -3.2020218707e-10 3.06335094082e-10 3.26431374066e-10 4.04834585049e-11 6.33321624244e-10 -9.14425413737e-10 -1.85427006808e-10 -1.02835364167e-09
 -1.44516268327e-10 5.12729514347e-11 -4.3590981416e-11 -2.79267044476e-10 -1.41091797211e-10 1.08801180243e-10 1.62701641558e-10 -4.57015988301e-11 -4.31460902449e-10 -1.32831320139e-10 1.83401385047e-09 7.72591092237e-10 -3.67202081596e-10 -2.77995810235e-10 -2.79653702728e-10 -8.8021394802e-10 2.54442065187e-09 1.05561234937e-09 2.01819102523e-09 -7.19774570697e-10 -3.08734327239e-10 -8.27303463548e-10 -4.57751181997e-10
 -2.02363042389e-10 -1.33041583749e-09 -3.30083729388e-11 -3.86654020961e-11 -7.45791431861e-11 2.81914418873e-09 1.68232230982e-10 -8.83561443034e-10 -3.32729302736e-10 -1.34536021181e-09 7.72591092237e-10 5.5866102067e-09 -1.90299123176e-10 -1.54417361002e-09 -5.92551799794e-10 -2.76024154753e-10 -1.0747942561e-09 8.27714186301e-11 -1.71121106643e-09 -4.22415404111e-10 2.30025145446e-10 -2.13823012774e-10 -1.77321702621e-09
 2.66975832586e-11 1.41572825184e-11 1.49270439207e-11 6.68667365442e-11 4.75241976298e-11 -2.2109064055e-11 -4.55486405644e-11 2.78810652764e-11 1.4152455717e-10 7.3390995662e-11 -3.67202081596e-10 -1.90299123176e-10 1.0002939717e-10 8.94611720195e-11 1.29345640767e-10 7.05849210606e-11 -5.05500899071e-10 -2.28640770442e-10 -3.3737564275e-10 3.31595534981e-10 -3.14747381582e-11 6.75418109458e-11 -2.75962608688e-11
 4.51576325634e-11 4.96428454755e-10 1.84592793226e-11 2.45917231143e-11 3.67998098962e-10 -8.33018057723e-10 -5.80780225877e-11 2.99822507583e-10 2.13347221599e-10 8.48892382831e-10 -2.77995810235e-10 -1.54417361002e-09 8.94611720195e-11 5.3109431571e-10 3.49097269489e-10 4.14430113774e-11 1.94313100736e-10 -5.78093587987e-11 3.30796031213e-10 3.06056301527e-10 -2.14635084828e-10 -2.78409248329e-11 2.00751029553e-10
 5.30795275263e-11 4.31957293418e-10 1.22195528259e-11 2.21919622574e-10 9.8632299265e-10 -3.81160685412e-10 -5.46644075617e-11 1.73520800899e-10 7.10333064674e-10 1.38118367199e-09 -2.79653702728e-10 -5.92551799794e-10 1.29345640767e-10 3.49097269489e-10 1.17210595367e-09 4.89122795159e-10 -9.93047502434e-10 -5.8156364983e-10 -1.2541905159e-09 8.0902803028e-11 1.29714578624e-10 -2.17702639808e-10 -2.46578327398e-10
 2.32903547623e-10 -2.41597742281e-10 2.56833217952e-11 3.50571244586e-10 1.63857265015e-10 -4.11991342027e-10 -1.73099364576e-10 1.52989398397e-10 6.25775758893e-11 -3.2020218707e-10 -8.8021394802e-10 -2.76024154753e-10 7.05849210606e-11 4.14430113773e-11 4.89122795159e-10 2.60232614409e-09 -7.95829025925e-10 -8.70752384949e-10 -2.28925966716e-09 -2.63026115322e-09 1.17847232606e-09 6.51917550799e-10 1.05438809631e-09
 7.19420898149e-11 1.282204881e-09 -2.90787793805e-11 -6.01602082372e-10 -1.29842383901e-09 -3.09363820123e-09 1.88848833751e-11 5.24132879045e-10 -1.79148563161e-09 3.06335094083e-10 2.54442065187e-09 -1.0747942561e-09 -5.05500899071e-10 1.94313100736e-10 -9.93047502434e-10 -7.95829025925e-10 1.25525488901e-08 3.92927178882e-09 8.9119004964e-09 -4.13685386615e-09 -1.52041638086e-09 -1.62681571661e-09 7.13578190672e-11
 5.16908716574e-12 4.24591666837e-10 -7.79843986625e-12 -4.67628513415e-10 -1.98898002727e-10 -7.1830083014e-10 7.16982596879e-12 1.03425185604e-10 -5.47302962365e-10 3.26431374066e-10 1.05561234937e-09 8.27714186301e-11 -2.28640770442e-10 -5.78093587987e-11 -5.8156364983e-10 -8.70752384949e-10 3.92927178882e-09 2.14792728944e-09 2.99697913382e-09 -1.17443037658e-09 -5.44693437913e-10 -4.83137391475e-10 1.2490457038e-10
 -1.22831403981e-10 1.15026125552e-09 -3.01029518358e-11 -6.18617448494e-10 -1.51349417864e-09 -2.17313309071e-09 1.23094438323e-10 3.92118935239e-10 -1.27699236656e-09 4.04834585049e-11 2.01819102523e-09 -1.71121106643e-09 -3.3737564275e-10 3.30796031213e-10 -1.2541905159e-09 -2.28925966716e-09 8.9119004964e-09 2.99697913382e-09 8.52800199387e-09 -8.49454576319e-10 -1.48461299472e-09 -1.05706391596e-09 3.66211547189e-10
 -3.42032823244e-10 1.40192588198e-10 7.2089529249e-14 -8.42829482501e-12 2.38530994323e-10 1.00451353957e-09 1.68413877051e-10 -1.96751804143e-10 7.55898645587e-10 6.33321624244e-10 -7.19774570697e-10 -4.22415404111e-10 3.31595534982e-10 3.06056301527e-10 8.0902803028e-11 -2.63026115322e-09 -4.13685386615e-09 -1.17443037658e-09 -8.4945457632e-10 6.06126957135e-09 -1.73353640138e-09 -4.79178771791e-10 -2.11893793308e-09
 1.27550963007e-10 -5.34928938117e-10 -3.95425216825e-14 1.76316793223e-10 -3.09569869412e-10 2.3014801918e-10 -5.4960100948e-11 -8.36688026642e-11 1.03753916458e-10 -9.14425413737e-10 -3.08734327239e-10 2.30025145446e-10 -3.14747381582e-11 -2.14635084828e-10 1.29714578624e-10 1.17847232606e-09 -1.52041638086e-09 -5.44693437913e-10 -1.48461299472e-09 -1.73353640138e-09 2.19655782278e-09 1.01284100704e-09 2.17982331486e-09
 6.53649459318e-11 -1.71607449983e-10 4.28729620443e-12 8.33662053077e-11 -4.89541601406e-11 1.53857670297e-10 -3.43529096327e-11 -4.06245284751e-11 8.99203942196e-11 -1.85427006808e-10 -8.27303463548e-10 -2.13823012774e-10 6.75418109458e-11 -2.78409248329e-11 -2.17702639808e-10 6.51917550799e-10 -1.62681571661e-09 -4.83137391475e-10 -1.05706391596e-09 -4.79178771791e-10 1.01284100704e-09 1.24623775358e-09 1.38074494967e-09
 1.57955946385e-10 1.19265691042e-11 1.13219083231e-11 1.17795976769e-11 -1.1327949454e-09 -8.15274807358e-10 -9.21206318349e-11 2.33672214856e-10 -5.82680360829e-11 -1.02835364167e-09 -4.57751181997e-10 -1.77321702621e-09 -2.75962608689e-11 2.00751029553e-10 -2.46578327398e-10 1.05438809631e-09 7.13578190674e-11 1.24904570381e-10 3.6621154719e-10 -2.11893793308e-09 2.17982331486e-09 1.38074494967e-09 3.91121821743e-09
320.0 1.39525394031e-10 -1.78973421738e-11 1.55728276246e-11 2.77977614475e-11 1.84731342135e-11 -2.01135593159e-10 -9.95940640645e-11 5.56882766616e-11 6.77341119705e-12 -1.49795155145e-11 -1.50006837173e-10 -2.14948865165e-10 2.700069289e-11 4.65714007878e-11 5.55894458658e-11 2.49095636246e-10 1.05768483569e-10 2.24751623352e-11 -1.39741759082e-10 -3.99237055074e-10 1.42439314227e-10 7.40520157422e-11 1.77410556351e-10
 -1.78973421738e-11 2.04037492964e-09 3.76881203649e-12 -1.10606137799e-10 4.84712725191e-10 -1.6974672902e-09 -1.48821008902e-12 5.72984322777e-10 4.47254307918e-10 2.77516720426e-09 1.23700453798e-10 -1.26461601768e-09 -3.71654617234e-12 4.94272431871e-10 4.51566150366e-10 -2.64966692113e-10 1.12564347445e-09 4.93230611745e-10 1.0361203073e-09 1.91079916206e-10 -6.47220852077e-10 -2.18764296482e-10 -2.19131029751e-10
 1.55728276246e-11 3.76881203649e-12 5.9514907619e-12 6.84708383109e-13 3.93182783144e-12 -2.57362457792e-11 -2.05063721469e-11 2.11318836911e-11 1.60773299027e-11 5.53650936399e-12 -3.63064258886e-11 -3.57591598788e-11 1.11824169083e-11 1.61122244974e-11 9.35913644281e-12 2.56283310426e-11 -1.67861256019e-11 -2.71119094685e-12 -2.64327267327e-11 -1.57733591281e-11 5.96812593731e-12 8.55072975392e-12 1.8610398094e-11
 2.77977614475e-11 -1.10606137799e-10 6.84708383108e-13 1.43444822369e-10 4.80523644706e-11 8.09896758236e-11 -1.46006445294e-11 -2.24539321931e-11 1.02228511261e-10 -6.67819661415e-11 -2.54106792277e-10 1.34931975664e-12 5.24507415569e-11 5.8936968521e-12 1.76904245596e-10 3.63718412332e-10 -5.77129378346e-10 -4.36632526287e-10 -6.23391459958e-10 -8.68332015565e-11 2.01322993442e-10 1.22635883408e-10 5.717344294e-11
 1.84731342135e-11 4.84712725191e-10 3.93182783144e-12 4.80523644706e-11 2.74029801373e-09 -4.21755055942e-11 -1.92742698196e-11 1.47355729352e-10 8.03929575237e-10 3.03093438693e-09 -3.29467892482e-10 -3.93422257793e-10 9.08352959055e-11 4.4661119347e-10 9.75374514414e-10 8.7985462183e-11 -1.37825333964e-09 -2.87173375108e-10 -1.45949912215e-09 5.16681161161e-10 -3.66935988906e-10 3.40838591956e-11 -9.87717810788e-10
 -2.01135593159e-10 -1.6974672902e-09 -2.57362457792e-11 8.09896758236e-11 -4.21755055942e-11 3.24786884058e-09 1.52656391902e-10 -8.72109476039e-10 -1.94549841707e-10 -1.99032234113e-09 5.94624248923e-13 2.83030872585e-09 1.20897706703e-11 -8.44064433116e-10 -4.13647881967e-10 -5.11394072046e-10 -3.12444562377e-09 -8.38790831213e-10 -2.04207692434e-09 1.20008116794e-09 2.34956089181e-10 1.79915174784e-10 -6.86626210342e-10
 -9.95940640645e-11 -1.48821008903e-12 -2.05063721469e-11 -1.46006445294e-11 -1.92742698196e-11 1.52656391902e-10 9.33121936763e-11 -7.20083405444e-11 -3.75035319193e-11 -8.66372311149e-12 1.48484889268e-10 1.78282276375e-10 -3.69451074761e-11 -5.56103368867e-11 -4.7615314978e-11 -1.74976420578e-10 -1.78478587734e-11 -7.34366218866e-12 1.2216359988e-10 2.24586415412e-10 -7.80304767486e-11 -5.10557678061e-11 -1.20997297047e-10
 5.56882766616e-11 5.72984322777e-10 2.11318836911e-11 -2.24539321931e-11 1.47355729352e-10 -8.72109476039e-10 -7.20083405444e-11 3.43077070483e-10 2.04015437052e-10 7.55691838207e-10 -1.25675666254e-11 -9.21706759365e-10 1.29945443437e-11 3.09824320667e-10 1.99274817095e-10 1.74222719632e-10 5.47038123087e-10 1.36948731765e-10 3.57656287471e-10 -2.60928074672e-10 -7.32959222445e-11 -3.89275591455e-11 2.25356853138e-10
 6.77341119704e-12 4.47254307918e-10 1.60773299027e-11 1.02228511261e-10 8.03929575237e-10 -1.94549841707e-10 -3.75035319193e-11 2.04015437052e-10 9.30975779874e-10 1.26862148293e-09 -4.15523279893e-10 -4.87761085313e-10 1.35054487579e-10 2.53677281844e-10 7.63671462533e-10 4.09709394557e-11 -1.81959430425e-09 -5.12918709532e-10 -1.29938019502e-09 7.71493109447e-10 1.11328618815e-10 8.18336315058e-11 -1.6839007069e-11
 -1.49795155145e-11 2.77516720426e-09 5.53650936399e-12 -6.67819661415e-11 3.03093438693e-09 -1.99032234113e-09 -8.66372311148e-12 7.55691838207e-10 1.26862148293e-09 6.13298251754e-09 -2.41738544163e-10 -1.67419381744e-09 9.55046597356e-11 9.52070386588e-10 1.42031640665e-09 -3.19116227173e-10 7.36906425944e-11 3.0363395474e-10 -1.27178780645e-10 8.18498509446e-10 -1.07511184486e-09 -1.57176036063e-10 -1.12806085525e-09
 -1.50006837173e-10 1.23700453798e-10 -3.63064258886e-11 -2.54106792277e-10 -3.29467892482e-10 5.94624248954e-13 1.48484889268e-10 -1.25675666254e-11 -4.15523279893e-10 -2.41738544163e-10 1.6938570826e-09 4.82440898675e-10 -3.25389452506e-10 -1.99189754016e-10 -2.40966457835e-10 -8.96846007318e-10 2.25458097617e-09 9.00670381499e-10 1.98239302215e-09 -4.25704009585e-10 -2.8942886825e-10 -8.02905313128e-10 -3.46143991495e-10
 -2.14948865165e-10 -1.26461601768e-09 -3.57591598788e-11 1.34931975665e-12 -3.93422257793e-10 2.83030872585e-09 1.78282276375e-10 -9.21706759365e-10 -4.87761085313e-10 -1.67419381744e-09 4.82440898675e-10 5.49007869831e-09 -1.31061050989e-10 -1.53280805758e-09 -7.21853893039e-10 -3.52388609526e-10 -1.34282123357e-09 -1.08221396568e-10 -1.42576795741e-09 -8.83117378469e-11 3.56825034931e-10 -5.24434943198e-12 -1.4943823084e-09
 2.700069289e-11 -3.71654617234e-12 1.11824169083e-11 5.24507415569e-11 9.08352959055e-11 1.20897706703e-11 -3.69451074761e-11 1.29945443437e-11 1.35054487579e-10 9.55046597356e-11 -3.25389452506e-10 -1.31061050989e-10 8.34650106077e-11 6.68760048951e-11 1.00664176149e-10 5.51562344581e-11 -4.61325844488e-10 -1.82172160458e-10 -3.24923100723e-10 2.7595757832e-10 -2.94577887145e-11 7.72222181807e-11 -3.21558218567e-11
 4.65714007878e-11 4.94272431871e-10 1.61122244974e-11 5.8936968521e-12 4.4661119347e-10 -8.44064433116e-10 -5.56103368867e-11 3.09824320667e-10 2.53677281844e-10 9.52070386588e-10 -1.99189754016e-10 -1.53280805758e-09 6.68760048951e-11 5.26427786625e-10 3.61995108361e-10 3.83019372374e-11 2.37303660335e-10 1.37906375624e-11 2.57272419691e-10 2.3975298705e-10 -2.53656117715e-10 -5.97622333638e-11 1.41054113907e-10
 5.55894458658e-11 4.51566150366e-10 9.35913644281e-12 1.76904245596e-10 9.75374514414e-10 -4.13647881967e-10 -4.7615314978e-11 1.99274817095e-10 7.63671462533e-10 1.42031640665e-09 -2.40966457835e-10 -7.21853893039e-10 1.00664176149e-10 3.61995108361e-10 1.14522602864e-09 4.79424734529e-10 -1.13877823257e-09 -4.83011357141e-10 -1.42092372593e-09 3.04235452651e-11 1.69026483565e-10 -1.32029654082e-10 -9.15932203402e-11
 2.49095636246e-10 -2.64966692113e-10 2.56283310426e-11 3.63718412332e-10 8.7985462183e-11 -5.11394072046e-10 -1.74976420578e-10 1.74222719632e-10 4.09709394557e-11 -3.19116227172e-10 -8.96846007318e-10 -3.52388609526e-10 5.51562344581e-11 3.83019372375e-11 4.79424734529e-10 2.84873556962e-09 -5.66014407489e-10 -8.28746521974e-10 -2.40116084058e-09 -3.08368360057e-09 1.32107716231e-09 7.73836726494e-10 1.28861549884e-09
 1.05768483569e-10 1.12564347445e-09 -1.67861256019e-11 -5.77129378346e-10 -1.37825333964e-09 -3.12444562377e-09 -1.78478587735e-11 5.47038123087e-10 -1.81959430425e-09 7.36906425944e-11 2.25458097617e-09 -1.34282123357e-09 -4.61325844488e-10 2.37303660335e-10 -1.13877823257e-09 -5.66014407489e-10 1.25236045481e-08 3.80183892149e-09 8.87056979763e-09 -4.26314537411e-09 -1.52480406773e-09 -1.36807574971e-09 3.04900470573e-10
 2.24751623352e-11 4.93230611745e-10 -2.71119094685e-12 -4.36632526287e-10 -2.87173375108e-10 -8.38790831213e-10 -7.34366218867e-12 1.36948731765e-10 -5.12918709532e-10 3.03633954741e-10 9.00670381499e-10 -1.08221396568e-10 -1.82172160458e-10 1.37906375624e-11 -4.83011357141e-10 -8.28746521974e-10 3.80183892149e-09 2.02566236334e-09 2.93320467036e-09 -9.85527151227e-10 -5.86855057919e-10 -5.54327065893e-10 8.3340577978e-11
 -1.39741759082e-10 1.0361203073e-09 -2.64327267327e-11 -6.23391459958e-10 -1.45949912215e-09 -2.04207692434e-09 1.2216359988e-10 3.57656287472e-10 -1.29938019502e-09 -1.27178780645e-10 1.98239302215e-09 -1.42576795741e-09 -3.24923100723e-10 2.57272419691e-10 -1.42092372593e-09 -2.40116084058e-09 8.87056979763e-09 2.93320467036e-09 8.78058752749e-09 -6.43525984675e-10 -1.57698880192e-09 -1.04288575476e-09 1.00516594475e-10
 -3.99237055074e-10 1.91079916205e-10 -1.57733591281e-11 -8.68332015565e-11 5.16681161161e-10 1.20008116794e-09 2.24586415412e-10 -2.60928074672e-10 7.71493109447e-10 8.18498509445e-10 -4.25704009585e-10 -8.83117378467e-11 2.7595757832e-10 2.3975298705e-10 3.0423545265e-11 -3.08368360057e-09 -4.26314537411e-09 -9.85527151227e-10 -6.43525984675e-10 6.47362672569e-09 -1.93992371466e-09 -6.38213069249e-10 -2.51690870458e-09
 1.42439314227e-10 -6.47220852077e-10 5.9681259373e-12 2.01322993442e-10 -3.66935988906e-10 2.34956089181e-10 -7.80304767486e-11 -7.32959222444e-11 1.11328618815e-10 -1.07511184486e-09 -2.8942886825e-10 3.56825034931e-10 -2.94577887145e-11 -2.53656117715e-10 1.69026483565e-10 1.32107716231e-09 -1.52480406773e-09 -5.86855057919e-10 -1.57698880192e-09 -1.93992371466e-09 2.39872000529e-09 9.72145595979e-10 2.31693568521e-09
 7.40520157422e-11 -2.18764296482e-10 8.55072975391e-12 1.22635883408e-10 3.40838591956e-11 1.79915174784e-10 -5.10557678061e-11 -3.89275591454e-11 8.18336315058e-11 -1.57176036062e-10 -8.02905313128e-10 -5.24434943201e-12 7.72222181807e-11 -5.97622333637e-11 -1.32029654082e-10 7.73836726494e-10 -1.36807574971e-09 -5.54327065893e-10 -1.04288575476e-09 -6.38213069249e-10 9.72145595979e-10 1.11311452868e-09 1.17676189092e-09
 1.77410556351e-10 -2.19131029751e-10 1.8610398094e-11 5.717344294e-11 -9.87717810788e-10 -6.86626210342e-10 -1.20997297047e-10 2.25356853138e-10 -1.68390070689e-11 -1.12806085525e-09 -3.46143991495e-10 -1.4943823084e-09 -3.21558218567e-11 1.41054113907e-10 -9.15932203402e-11 1.28861549884e-09 3.04900470573e-10 8.3340577978e-11 1.00516594475e-10 -2.51690870458e-09 2.31693568521e-09 1.17676189092e-09 3.84633342681e-09
340.0 1.70817876778e-10 -5.91343447625e-11 1.70390285642e-11 2.71396140224e-11 4.93201194541e-11 -2.14276575413e-10 -1.12838890277e-10 6.04648761193e-11 -2.0187913312e-12 -4.33189679461e-11 -1.44937800795e-10 -2.75839077263e-10 2.41204977629e-11 5.83837622274e-11 6.4915793193e-11 3.0669630488e-10 1.79885961354e-10 4.63747702567e-11 -1.57808139629e-10 -5.36801636442e-10 1.75102838154e-10 7.71711733178e-11 2.26063405329e-10
 -5.91343447625e-11 2.5516846495e-09 -2.25896461673e-13 -1.43228929792e-10 4.70791853521e-10 -2.02994127311e-09 2.36173088809e-11 5.94306781255e-10 4.87053715155e-10 3.34032181059e-09 1.0571138477e-10 -9.40188550989e-10 -7.28693925168e-15 3.94253568802e-10 3.75329674028e-10 -4.68825511541e-10 8.31737087647e-10 5.040433396e-10 1.00674405462e-09 6.77823639734e-10 -8.3800779501e-10 -2.61982023484e-10 -6.73115355133e-10
